image,ALB,BET,DOL,LAG,NoF,OTHER,SHARK,YFT
img_00005.jpg,0.026653,0.008509,0.004055,0.001762,0.946884,0.00627,0.002933,0.002932
img_00007.jpg,0.648646,0.092213,0.005928,0.011262,0.001596,0.03639,0.007011,0.196953
img_00009.jpg,0.777848,0.069773,0.004956,0.00366,0.007802,0.118656,0.004601,0.012704
img_00018.jpg,0.714335,0.158474,0.010063,0.039068,0.011515,0.033584,0.008533,0.024427
img_00027.jpg,0.759975,0.027387,0.006582,0.002363,0.013493,0.102462,0.034226,0.053512
img_00030.jpg,0.77963,0.024774,0.009677,0.003256,0.135346,0.010756,0.005133,0.031428
img_00040.jpg,0.573849,0.020716,0.002066,0.002721,0.006158,0.101759,0.240626,0.052104
img_00046.jpg,0.883126,0.004235,0.004724,0.000931,0.100402,0.003253,0.001532,0.001796
img_00053.jpg,0.954441,0.005268,0.002739,0.000732,0.003495,0.016422,0.000479,0.016424
img_00071.jpg,0.249599,0.077244,0.02488,0.274102,0.025887,0.193245,0.012259,0.142784
img_00075.jpg,0.477979,0.17842,0.014478,0.007244,0.098361,0.183539,0.007769,0.03221
img_00102.jpg,0.014827,0.007631,0.001468,0.001716,0.000406,0.00745,0.003167,0.963335
img_00103.jpg,0.853087,0.036714,0.005024,0.00614,0.041241,0.033229,0.005324,0.019241
img_00109.jpg,0.983273,0.001983,0.000721,0.000168,0.009821,0.00118,0.001467,0.001387
img_00119.jpg,0.008207,0.012228,0.00833,0.003424,0.934402,0.010536,0.005507,0.017366
img_00120.jpg,0.199657,0.020826,0.002371,0.00337,0.003658,0.010981,0.052715,0.706423
img_00125.jpg,0.505167,0.022965,0.005975,0.010333,0.001772,0.074881,0.002787,0.376119
img_00128.jpg,0.023248,0.125953,0.472542,0.002748,0.013058,0.016047,0.007612,0.338792
img_00129.jpg,0.471972,0.038329,0.010828,0.014686,0.006975,0.102046,0.175848,0.179315
img_00133.jpg,0.103414,0.090262,0.004229,0.005953,0.684328,0.084749,0.006641,0.020424
img_00138.jpg,0.724229,0.036091,0.037619,0.006732,0.063083,0.082489,0.004922,0.044835
img_00141.jpg,0.001152,0.004916,0.00128,0.000369,0.000156,0.000579,0.000553,0.990995
img_00152.jpg,0.0036,0.00366,0.001902,0.000657,0.000679,0.006453,0.000674,0.982374
img_00161.jpg,0.019358,0.014043,0.015636,0.002662,0.007206,0.020029,0.013623,0.907443
img_00164.jpg,0.031287,0.027369,0.014277,0.00444,0.712521,0.024372,0.008378,0.177357
img_00170.jpg,0.678076,0.01465,0.003814,0.005346,0.035587,0.250558,0.002602,0.009366
img_00171.jpg,0.65781,0.020806,0.005852,0.008171,0.039867,0.246644,0.004087,0.016763
img_00172.jpg,0.005347,0.001764,0.001019,0.000387,0.986863,0.00157,0.001143,0.001908
img_00175.jpg,0.733745,0.017109,0.00962,0.017953,0.020926,0.185588,0.004538,0.010521
img_00180.jpg,0.075757,0.012995,0.018069,0.004133,0.055865,0.025507,0.006259,0.801416
img_00196.jpg,0.00911,0.012275,0.006028,0.002071,0.951324,0.007192,0.005229,0.006771
img_00212.jpg,0.20193,0.006748,0.00354,0.004221,0.005618,0.013292,0.003581,0.76107
img_00223.jpg,0.860083,0.017352,0.041506,0.005886,0.005401,0.050166,0.003334,0.016273
img_00230.jpg,0.86741,0.056118,0.006811,0.011785,0.004399,0.01148,0.003548,0.038449
img_00232.jpg,0.025429,0.196322,0.012638,0.003595,0.016266,0.005515,0.711988,0.028245
img_00244.jpg,0.541031,0.08762,0.006398,0.013554,0.010239,0.119757,0.008977,0.212424
img_00272.jpg,0.910765,0.026478,0.017062,0.003456,0.009236,0.023622,0.002438,0.006944
img_00280.jpg,0.428639,0.015277,0.010596,0.003715,0.46101,0.041917,0.00405,0.034797
img_00282.jpg,0.826467,0.011887,0.005344,0.01047,0.020197,0.111614,0.004525,0.009496
img_00285.jpg,0.684156,0.022404,0.003088,0.00233,0.010713,0.054819,0.020513,0.201979
img_00289.jpg,0.58445,0.006969,0.004498,0.002005,0.346351,0.035506,0.005072,0.015149
img_00292.jpg,0.147294,0.033858,0.004188,0.00673,0.003511,0.058576,0.035419,0.710426
img_00302.jpg,0.508765,0.038467,0.005873,0.003311,0.007423,0.131046,0.225756,0.07936
img_00311.jpg,0.949696,0.018802,0.004067,0.000543,0.018926,0.001477,0.002313,0.004178
img_00320.jpg,0.935927,0.027826,0.005604,0.001679,0.01343,0.002921,0.009036,0.003577
img_00331.jpg,0.743612,0.010543,0.002753,0.00161,0.006529,0.054921,0.011344,0.168689
img_00358.jpg,0.21882,0.025255,0.005093,0.007001,0.004742,0.091196,0.042647,0.605247
img_00374.jpg,0.348036,0.089115,0.005913,0.013522,0.001759,0.069348,0.012288,0.46002
img_00375.jpg,0.234604,0.046438,0.038763,0.270393,0.018633,0.251395,0.009906,0.129868
img_00376.jpg,0.704747,0.009229,0.004308,0.001296,0.01063,0.021324,0.018303,0.230163
img_00380.jpg,0.823655,0.022224,0.020964,0.003463,0.051964,0.066777,0.004763,0.006191
img_00383.jpg,0.89625,0.036894,0.005209,0.001571,0.02591,0.00582,0.007202,0.021143
img_00398.jpg,0.786818,0.014155,0.004032,0.002311,0.101108,0.05265,0.011516,0.02741
img_00407.jpg,0.811535,0.0516,0.010279,0.016366,0.009039,0.091501,0.002239,0.007442
img_00417.jpg,0.065634,0.001098,0.002282,0.000965,0.002131,0.002861,0.001487,0.923541
img_00432.jpg,0.260297,0.057844,0.028814,0.020537,0.062608,0.311738,0.023669,0.234491
img_00442.jpg,0.00139,0.007138,0.003691,0.000648,0.000509,0.001644,0.000838,0.984142
img_00446.jpg,0.531939,0.050821,0.010501,0.00716,0.156416,0.207946,0.01148,0.023737
img_00469.jpg,0.388845,0.09584,0.021668,0.087518,0.019531,0.057352,0.025285,0.30396
img_00473.jpg,0.786889,0.015279,0.006161,0.005249,0.028709,0.014621,0.008335,0.134757
img_00483.jpg,0.878879,0.011056,0.003879,0.00147,0.033049,0.00523,0.004422,0.062015
img_00484.jpg,0.342262,0.096332,0.012592,0.011526,0.018191,0.025246,0.014724,0.479127
img_00486.jpg,0.882034,0.012429,0.0261,0.006543,0.010354,0.048084,0.002054,0.012401
img_00487.jpg,0.031477,0.013225,0.003976,0.002223,0.928364,0.003682,0.008073,0.008981
img_00493.jpg,0.196595,0.025928,0.011199,0.004755,0.659115,0.057038,0.013368,0.032002
img_00518.jpg,0.846111,0.005216,0.0132,0.002375,0.102049,0.010296,0.002951,0.017801
img_00533.jpg,0.193016,0.012141,0.002012,0.002512,0.002904,0.024648,0.008086,0.754679
img_00538.jpg,0.917394,0.004336,0.002003,0.005847,0.002206,0.045508,0.000625,0.022081
img_00543.jpg,0.942975,0.024324,0.004324,0.000605,0.017099,0.001465,0.003695,0.005512
img_00550.jpg,0.581437,0.02848,0.01324,0.005043,0.043997,0.22602,0.009334,0.092448
img_00551.jpg,0.819642,0.009403,0.004382,0.003036,0.032201,0.124501,0.001424,0.005412
img_00564.jpg,0.026326,0.017295,0.019035,0.007856,0.819326,0.094172,0.009911,0.006079
img_00575.jpg,0.297889,0.010629,0.001978,0.002105,0.002781,0.024803,0.015031,0.644784
img_00582.jpg,0.572084,0.085455,0.007585,0.006122,0.210594,0.095777,0.008676,0.013707
img_00584.jpg,0.90593,0.002434,0.001338,0.000396,0.079794,0.004515,0.000799,0.004794
img_00587.jpg,0.799758,0.023762,0.001476,0.001193,0.005603,0.045247,0.027308,0.095654
img_00590.jpg,0.502792,0.021875,0.007615,0.003897,0.006841,0.075356,0.02255,0.359074
img_00591.jpg,0.23525,0.006075,0.006558,0.001979,0.002651,0.080339,0.009963,0.657186
img_00598.jpg,0.955301,0.007008,0.00066,0.002121,0.00051,0.021972,0.000711,0.011715
img_00599.jpg,0.639794,0.026666,0.010619,0.001164,0.011443,0.03461,0.035414,0.24029
img_00612.jpg,0.272271,0.034683,0.005359,0.00506,0.006059,0.332291,0.101852,0.242425
img_00618.jpg,0.637774,0.005931,0.002637,0.001289,0.31887,0.017757,0.003339,0.012402
img_00620.jpg,0.907987,0.008569,0.007452,0.007221,0.00446,0.033097,0.001588,0.029625
img_00642.jpg,0.123422,0.060169,0.026078,0.625731,0.0145,0.055058,0.012735,0.082308
img_00646.jpg,0.008577,0.014019,0.022537,0.002698,0.002038,0.011049,0.002877,0.936205
img_00648.jpg,0.931287,0.029036,0.003532,0.000612,0.027571,0.001635,0.003014,0.003313
img_00650.jpg,0.330011,0.018545,0.017699,0.004163,0.099017,0.296421,0.024512,0.209632
img_00654.jpg,0.557505,0.034419,0.09432,0.010386,0.137364,0.126463,0.006488,0.033054
img_00664.jpg,0.962568,0.008847,0.004209,0.000554,0.01278,0.002926,0.001397,0.006719
img_00667.jpg,0.009477,0.012976,0.006089,0.002935,0.944354,0.006674,0.004808,0.012686
img_00676.jpg,0.009315,0.011402,0.006903,0.003319,0.94066,0.008843,0.005524,0.014036
img_00697.jpg,0.001742,0.014748,0.017012,0.000751,0.00134,0.00219,0.001,0.961217
img_00708.jpg,0.179079,0.030299,0.009428,0.004471,0.06981,0.231189,0.059929,0.415794
img_00716.jpg,0.453402,0.067784,0.007232,0.006889,0.007439,0.126603,0.138927,0.191724
img_00717.jpg,0.895423,0.027946,0.001188,0.003162,0.000966,0.038727,0.00139,0.031199
img_00718.jpg,0.895438,0.006182,0.002294,0.003232,0.006197,0.066995,0.00179,0.017871
img_00723.jpg,0.206701,0.219792,0.017729,0.009545,0.430164,0.018766,0.068174,0.029129
img_00724.jpg,0.278329,0.016502,0.01647,0.014892,0.077038,0.083964,0.028051,0.484754
img_00726.jpg,0.894028,0.004952,0.00228,0.001142,0.070902,0.00955,0.009698,0.007447
img_00729.jpg,0.919276,0.003365,0.0038,0.001041,0.064135,0.003845,0.001811,0.002727
img_00730.jpg,0.136348,0.008754,0.001847,0.001431,0.001405,0.038758,0.025368,0.786089
img_00757.jpg,0.811881,0.029996,0.016252,0.011417,0.011313,0.054449,0.004439,0.060253
img_00760.jpg,0.496444,0.092514,0.0157,0.173172,0.021798,0.058846,0.009791,0.131734
img_00763.jpg,0.029556,0.030217,0.00951,0.003628,0.890115,0.011147,0.006654,0.019173
img_00764.jpg,0.081554,0.058771,0.150352,0.006866,0.122802,0.043991,0.024562,0.511102
img_00765.jpg,0.058084,0.098201,0.010052,0.013726,0.016994,0.624659,0.039335,0.13895
img_00772.jpg,0.011866,0.078364,0.448537,0.00235,0.005165,0.009392,0.006507,0.437818
img_00773.jpg,0.738124,0.030518,0.03368,0.008455,0.033151,0.136638,0.003768,0.015665
img_00777.jpg,0.65936,0.057429,0.002494,0.003572,0.018758,0.24746,0.005096,0.00583
img_00780.jpg,0.355622,0.045956,0.137648,0.004393,0.058618,0.085901,0.006553,0.305309
img_00798.jpg,0.905008,0.052027,0.001402,0.003735,0.006254,0.020856,0.002029,0.008688
img_00808.jpg,0.956497,0.007189,0.000907,0.002209,0.003151,0.017937,0.000752,0.011357
img_00816.jpg,0.927428,0.002446,0.008709,0.000869,0.043662,0.003063,0.001443,0.012378
img_00828.jpg,0.001154,0.003985,0.001955,0.000745,0.985585,0.002521,0.00153,0.002524
img_00833.jpg,0.244799,0.038616,0.009559,0.005959,0.041224,0.230163,0.051368,0.378312
img_00837.jpg,0.948051,0.023118,0.002291,0.002031,0.008359,0.010507,0.002185,0.003458
img_00855.jpg,0.783397,0.022055,0.002449,0.003054,0.000567,0.008863,0.002328,0.177287
img_00857.jpg,0.952761,0.010145,0.005523,0.001601,0.020029,0.003442,0.004326,0.002175
img_00858.jpg,0.743639,0.038795,0.005437,0.007234,0.133015,0.020053,0.016497,0.035329
img_00865.jpg,0.865152,0.050754,0.002294,0.012754,0.00199,0.047142,0.003478,0.016437
img_00876.jpg,0.005449,0.009722,0.005898,0.001922,0.95672,0.006224,0.003638,0.010427
img_00889.jpg,0.038099,0.029244,0.20482,0.00549,0.005968,0.025631,0.0045,0.686249
img_00894.jpg,0.679632,0.015287,0.016265,0.004499,0.227852,0.027541,0.005242,0.023682
img_00902.jpg,0.016296,0.172141,0.013083,0.002765,0.016806,0.005445,0.755152,0.018311
img_00914.jpg,0.053111,0.040159,0.092474,0.00357,0.154077,0.04605,0.005377,0.605182
img_00921.jpg,0.526345,0.028514,0.0062,0.00298,0.043944,0.233367,0.078967,0.079682
img_00927.jpg,0.374814,0.058314,0.016746,0.006475,0.019876,0.161176,0.109274,0.253326
img_00943.jpg,0.891405,0.014018,0.005579,0.001302,0.022115,0.00681,0.006661,0.052111
img_00948.jpg,0.561484,0.014713,0.030919,0.006997,0.204412,0.103527,0.006717,0.071232
img_00950.jpg,0.324309,0.020609,0.044808,0.009216,0.487946,0.068198,0.007893,0.037021
img_00959.jpg,0.766641,0.006244,0.00526,0.003296,0.1737,0.027994,0.006269,0.010597
img_00962.jpg,0.007338,0.011152,0.01537,0.001131,0.000839,0.008266,0.00117,0.954735
img_00964.jpg,0.008777,0.086421,0.425196,0.003738,0.00531,0.01743,0.009289,0.443838
img_00966.jpg,0.530053,0.042983,0.017536,0.011577,0.099538,0.014464,0.015505,0.268345
img_00974.jpg,0.914092,0.035613,0.002023,0.006157,0.003835,0.009325,0.004294,0.02466
img_00979.jpg,0.18558,0.052665,0.256175,0.005424,0.006935,0.027721,0.005885,0.459614
img_00982.jpg,0.21948,0.213092,0.033634,0.00907,0.135125,0.043331,0.028164,0.318105
img_00985.jpg,0.292792,0.021744,0.004542,0.004883,0.004712,0.050429,0.053189,0.567709
img_00999.jpg,0.592666,0.009146,0.002934,0.001413,0.008078,0.05147,0.013899,0.320393
img_01022.jpg,0.693578,0.044185,0.007685,0.028049,0.06703,0.111666,0.002962,0.044846
img_01031.jpg,0.686201,0.025694,0.02784,0.011223,0.043551,0.129189,0.005971,0.070331
img_01035.jpg,0.815888,0.039316,0.004657,0.003147,0.048514,0.077531,0.004024,0.006923
img_01043.jpg,0.211495,0.203653,0.011597,0.008477,0.357105,0.167228,0.015957,0.024489
img_01058.jpg,0.83536,0.012934,0.005436,0.003022,0.008307,0.011782,0.002636,0.120522
img_01059.jpg,0.308024,0.03116,0.006369,0.006642,0.005255,0.131369,0.062435,0.448745
img_01090.jpg,0.377369,0.136203,0.017907,0.005281,0.242406,0.009047,0.010488,0.201299
img_01102.jpg,0.74538,0.069524,0.012128,0.004384,0.022569,0.002166,0.00675,0.137098
img_01103.jpg,0.590093,0.178386,0.00602,0.009803,0.002941,0.115572,0.00624,0.090945
img_01116.jpg,0.846348,0.065367,0.004287,0.010161,0.003877,0.02012,0.009103,0.040737
img_01134.jpg,0.749842,0.035623,0.004004,0.003964,0.01233,0.170946,0.003711,0.019581
img_01142.jpg,0.950867,0.004316,0.003745,0.001798,0.004011,0.025418,0.001986,0.007859
img_01168.jpg,0.091402,0.111913,0.039706,0.021533,0.048247,0.553625,0.076925,0.056648
img_01171.jpg,0.042672,0.04763,0.008671,0.002735,0.809679,0.018812,0.010625,0.059178
img_01177.jpg,0.810635,0.006064,0.009996,0.004927,0.016779,0.055903,0.002828,0.092868
img_01179.jpg,0.938505,0.006707,0.002586,0.001893,0.018622,0.02587,0.000953,0.004865
img_01188.jpg,0.059084,0.046662,0.007036,0.008131,0.019968,0.67589,0.032083,0.151145
img_01198.jpg,0.371847,0.027466,0.012765,0.006207,0.505412,0.013896,0.005579,0.056828
img_01204.jpg,0.007444,0.011936,0.005229,0.002144,0.953576,0.005662,0.003703,0.010306
img_01208.jpg,0.162587,0.018997,0.012342,0.007354,0.696649,0.06808,0.008673,0.025318
img_01211.jpg,0.586353,0.146899,0.021089,0.005507,0.050876,0.017216,0.045226,0.126832
img_01213.jpg,0.905155,0.041809,0.003415,0.005438,0.007736,0.013183,0.003384,0.019879
img_01222.jpg,0.90542,0.018947,0.001509,0.00359,0.000383,0.019734,0.002076,0.04834
img_01224.jpg,0.34784,0.035649,0.369473,0.005523,0.007979,0.025262,0.005699,0.202574
img_01237.jpg,0.22521,0.010033,0.006204,0.00386,0.674515,0.04995,0.007404,0.022825
img_01249.jpg,0.765763,0.02196,0.019065,0.005806,0.132181,0.040758,0.00524,0.009226
img_01253.jpg,0.008629,0.014946,0.006138,0.002962,0.002258,0.004748,0.008315,0.952005
img_01286.jpg,0.238707,0.0188,0.003906,0.002256,0.662408,0.0617,0.00478,0.007444
img_01289.jpg,0.78453,0.021876,0.002499,0.002466,0.009335,0.069467,0.016245,0.093581
img_01325.jpg,0.209561,0.28693,0.042828,0.008907,0.360729,0.009115,0.020694,0.061236
img_01328.jpg,0.801046,0.035791,0.002694,0.005041,0.003695,0.026971,0.003412,0.121351
img_01366.jpg,0.690121,0.024408,0.013591,0.017279,0.034614,0.198313,0.005912,0.015762
img_01371.jpg,0.629422,0.10636,0.030818,0.008345,0.06162,0.022001,0.02124,0.120194
img_01373.jpg,0.500775,0.032826,0.020118,0.006512,0.199309,0.179265,0.005469,0.055727
img_01377.jpg,0.613812,0.024147,0.015047,0.004443,0.252482,0.026162,0.004735,0.059173
img_01379.jpg,0.9463,0.005476,0.006459,0.00218,0.007349,0.025674,0.001422,0.005139
img_01384.jpg,0.712402,0.013001,0.01029,0.002722,0.029297,0.194824,0.006715,0.030749
img_01388.jpg,0.627841,0.157588,0.004442,0.003037,0.070261,0.113863,0.004749,0.018219
img_01392.jpg,0.01544,0.092549,0.364689,0.009155,0.010119,0.048559,0.009192,0.450297
img_01399.jpg,0.009333,0.195399,0.177465,0.002702,0.00946,0.010219,0.008857,0.586565
img_01404.jpg,0.981517,0.006912,0.001075,0.002745,0.001352,0.003193,0.001691,0.001515
img_01405.jpg,0.898647,0.014838,0.002212,0.00284,0.019034,0.051196,0.002603,0.008628
img_01413.jpg,0.867367,0.019932,0.006851,0.007231,0.038985,0.046004,0.00485,0.008781
img_01426.jpg,0.185922,0.129536,0.020824,0.008912,0.019086,0.126522,0.22114,0.288057
img_01431.jpg,0.403253,0.112143,0.023171,0.185197,0.023185,0.073456,0.01926,0.160335
img_01441.jpg,0.007715,0.00504,0.009042,0.001191,0.003002,0.010211,0.029714,0.934084
img_01444.jpg,0.375855,0.023672,0.00503,0.006841,0.005035,0.162931,0.020757,0.39988
img_01490.jpg,0.079578,0.034493,0.142559,0.002788,0.005815,0.008554,0.004918,0.721296
img_01495.jpg,0.845976,0.059275,0.003134,0.003663,0.001643,0.031313,0.002789,0.052207
img_01505.jpg,0.010831,0.011902,0.008147,0.003014,0.944084,0.007565,0.004604,0.009855
img_01511.jpg,0.790574,0.011063,0.005235,0.001368,0.031374,0.154771,0.001446,0.004168
img_01519.jpg,0.712486,0.018787,0.004309,0.002574,0.005775,0.213092,0.027195,0.015781
img_01530.jpg,0.670522,0.018365,0.022959,0.004231,0.206266,0.045953,0.005257,0.026447
img_01537.jpg,0.638143,0.014538,0.015855,0.005028,0.062299,0.243003,0.005043,0.01609
img_01538.jpg,0.695931,0.066309,0.003433,0.007512,0.015455,0.173075,0.007064,0.031221
img_01541.jpg,0.003024,0.013016,0.003119,0.001106,0.965448,0.007147,0.003582,0.003559
img_01543.jpg,0.985358,0.000767,0.001832,0.000149,0.007606,0.002347,0.000367,0.001573
img_01548.jpg,0.97385,0.001396,0.00322,0.000448,0.011316,0.001963,0.000795,0.007012
img_01552.jpg,0.970252,0.010258,0.004899,0.000814,0.008174,0.00106,0.002725,0.001818
img_01561.jpg,0.00515,0.00097,0.001947,0.000525,0.986117,0.002457,0.000884,0.001949
img_01562.jpg,0.155866,0.045065,0.005342,0.00205,0.002844,0.017873,0.048436,0.722525
img_01571.jpg,0.89455,0.014712,0.003723,0.001304,0.026544,0.007378,0.013293,0.038494
img_01593.jpg,0.269379,0.009192,0.001513,0.002361,0.000585,0.02853,0.009502,0.678938
img_01595.jpg,0.008763,0.018016,0.007487,0.00253,0.933038,0.008055,0.007453,0.014659
img_01616.jpg,0.881734,0.007249,0.002531,0.000506,0.024009,0.018368,0.006462,0.05914
img_01618.jpg,0.758179,0.063842,0.002556,0.003032,0.0128,0.1477,0.003933,0.007959
img_01627.jpg,0.910661,0.052602,0.001137,0.004809,0.001015,0.016924,0.003332,0.009519
img_01632.jpg,0.923577,0.001963,0.002425,0.000645,0.057495,0.002856,0.000725,0.010315
img_01633.jpg,0.357221,0.048286,0.005429,0.006483,0.011801,0.416212,0.053731,0.100836
img_01640.jpg,0.96498,0.01618,0.001864,0.000332,0.011138,0.000944,0.00191,0.002652
img_01646.jpg,0.981079,0.009696,0.000299,0.001321,0.000584,0.003631,0.000772,0.002618
img_01647.jpg,0.922812,0.007123,0.00567,0.001131,0.04095,0.002965,0.002591,0.016759
img_01649.jpg,0.285714,0.060381,0.015237,0.007962,0.549551,0.03798,0.009551,0.033625
img_01657.jpg,0.005868,0.102593,0.482258,0.003286,0.013383,0.013563,0.0067,0.372348
img_01669.jpg,0.499195,0.10116,0.01914,0.154391,0.028801,0.070264,0.016538,0.110512
img_01673.jpg,0.898744,0.007009,0.005403,0.001102,0.067101,0.006925,0.00197,0.011746
img_01681.jpg,0.734067,0.01559,0.00697,0.003446,0.016483,0.031723,0.005152,0.186567
img_01684.jpg,0.909485,0.037651,0.00135,0.002693,0.000512,0.015404,0.002458,0.030446
img_01685.jpg,0.220954,0.034551,0.064128,0.016679,0.252564,0.283163,0.022347,0.105614
img_01687.jpg,0.701646,0.036279,0.005646,0.00257,0.05275,0.024555,0.026913,0.149641
img_01688.jpg,0.600056,0.034662,0.00328,0.00288,0.008761,0.243825,0.033569,0.072966
img_01689.jpg,0.546297,0.054308,0.081199,0.009783,0.066257,0.069184,0.012104,0.160868
img_01716.jpg,0.00189,0.007881,0.001947,0.000745,0.977285,0.00481,0.002048,0.003394
img_01717.jpg,0.309566,0.198267,0.016083,0.009795,0.35417,0.020059,0.056116,0.035943
img_01724.jpg,0.66617,0.014082,0.022179,0.004842,0.106362,0.164722,0.007019,0.014623
img_01745.jpg,0.866452,0.026797,0.031406,0.004475,0.007969,0.014836,0.00235,0.045715
img_01771.jpg,0.838138,0.02795,0.003893,0.00881,0.003407,0.039536,0.002391,0.075876
img_01773.jpg,0.458717,0.020286,0.003789,0.008437,0.003247,0.043835,0.050933,0.410757
img_01781.jpg,0.747998,0.018588,0.008505,0.008024,0.138561,0.027788,0.005137,0.0454
img_01782.jpg,0.005346,0.018064,0.004584,0.000994,0.955695,0.004202,0.004108,0.007008
img_01802.jpg,0.855947,0.005797,0.005708,0.001903,0.092238,0.010473,0.003859,0.024077
img_01803.jpg,0.009058,0.073096,0.293035,0.004781,0.010089,0.014874,0.007487,0.587581
img_01824.jpg,0.266181,0.042853,0.006006,0.005641,0.010336,0.53774,0.069015,0.062227
img_01825.jpg,0.124623,0.537976,0.067923,0.014973,0.074786,0.015465,0.055554,0.108701
img_01831.jpg,0.758934,0.022475,0.006029,0.007386,0.025245,0.171431,0.003364,0.005136
img_01834.jpg,0.126139,0.019718,0.218969,0.0034,0.014646,0.018989,0.0033,0.594838
img_01847.jpg,0.022002,0.00589,0.000782,0.000933,0.000196,0.007399,0.002028,0.96077
img_01853.jpg,0.360084,0.056402,0.018874,0.009616,0.009018,0.11477,0.125852,0.305385
img_01856.jpg,0.907277,0.012533,0.004808,0.00174,0.013373,0.009036,0.004027,0.047207
img_01860.jpg,0.71329,0.012632,0.001944,0.002745,0.005446,0.038251,0.052737,0.172955
img_01862.jpg,0.565515,0.014382,0.029438,0.007141,0.075193,0.280988,0.007895,0.019448
img_01874.jpg,0.728569,0.012989,0.002572,0.001532,0.00439,0.120375,0.00852,0.121052
img_01888.jpg,0.030648,0.051223,0.006581,0.010517,0.022489,0.637887,0.034443,0.206212
img_01918.jpg,0.153771,0.178364,0.040161,0.108704,0.019473,0.038192,0.017729,0.443607
img_01930.jpg,0.821406,0.019608,0.022731,0.003737,0.048405,0.070878,0.005537,0.007698
img_01932.jpg,0.441265,0.080838,0.020439,0.080222,0.01376,0.045404,0.020006,0.298066
img_01955.jpg,0.000637,0.001977,0.000613,0.000203,0.000112,0.00059,0.000521,0.995348
img_01963.jpg,0.971869,0.002301,0.001893,0.000315,0.018439,0.002003,0.001392,0.001788
img_01966.jpg,0.90084,0.03412,0.00205,0.007518,0.000829,0.026569,0.003627,0.024448
img_01976.jpg,0.919052,0.018669,0.002883,0.001496,0.004773,0.003127,0.002381,0.047619
img_01983.jpg,0.550175,0.013858,0.287043,0.007495,0.051814,0.042812,0.014951,0.031852
img_01984.jpg,0.19577,0.42198,0.008865,0.020211,0.003422,0.025022,0.011877,0.312852
img_01995.jpg,0.07555,0.191114,0.041215,0.027638,0.072163,0.375231,0.104108,0.11298
img_01996.jpg,0.371958,0.016439,0.014531,0.007496,0.035331,0.328875,0.022337,0.203033
img_02001.jpg,0.526927,0.017933,0.007523,0.002856,0.026632,0.155643,0.051232,0.211253
img_02006.jpg,0.423083,0.023762,0.048993,0.262168,0.007446,0.109031,0.006967,0.11855
img_02066.jpg,0.544457,0.01385,0.010486,0.005388,0.216081,0.163581,0.011575,0.034582
img_02074.jpg,0.904981,0.021146,0.007508,0.009726,0.01188,0.036159,0.001954,0.006646
img_02076.jpg,0.443825,0.190129,0.030146,0.009322,0.18946,0.016987,0.0149,0.105231
img_02077.jpg,0.584862,0.046366,0.020068,0.081646,0.025993,0.190864,0.007647,0.042555
img_02078.jpg,0.193617,0.044204,0.120609,0.004356,0.530512,0.028629,0.015542,0.062531
img_02082.jpg,0.143754,0.003963,0.002349,0.002241,0.82709,0.011714,0.004603,0.004286
img_02083.jpg,0.017433,0.022471,0.001194,0.000726,0.949311,0.005748,0.00134,0.001776
img_02096.jpg,0.877792,0.012513,0.002511,0.002567,0.004147,0.017732,0.006871,0.075866
img_02119.jpg,0.783774,0.020421,0.061736,0.007853,0.006948,0.09123,0.004881,0.023157
img_02124.jpg,0.574211,0.016014,0.013337,0.005196,0.024406,0.251058,0.021421,0.094357
img_02135.jpg,0.030489,0.068157,0.010589,0.005914,0.848043,0.00858,0.010213,0.018015
img_02146.jpg,0.887282,0.012692,0.004184,0.00177,0.069542,0.007577,0.002828,0.014124
img_02159.jpg,0.693341,0.011934,0.016496,0.006617,0.112193,0.137264,0.003604,0.018551
img_02172.jpg,0.770792,0.010229,0.008964,0.003548,0.039856,0.134145,0.00331,0.029156
img_02180.jpg,0.48234,0.069077,0.005901,0.007427,0.02434,0.286798,0.044428,0.079689
img_02188.jpg,0.427098,0.01057,0.002158,0.001771,0.006326,0.047984,0.025332,0.478761
img_02194.jpg,0.897507,0.00286,0.00291,0.001022,0.054716,0.033742,0.001793,0.005449
img_02209.jpg,0.278208,0.013697,0.015667,0.007187,0.037079,0.495114,0.035745,0.117303
img_02216.jpg,0.131408,0.033846,0.040059,0.005076,0.314324,0.066761,0.006896,0.40163
img_02231.jpg,0.289917,0.029338,0.006841,0.006355,0.525916,0.116047,0.006703,0.018883
img_02235.jpg,0.10506,0.136365,0.028472,0.026934,0.145077,0.368226,0.088826,0.10104
img_02252.jpg,0.959904,0.003512,0.002678,0.000319,0.025764,0.00227,0.00173,0.003822
img_02268.jpg,0.965624,0.000951,0.001321,0.000358,0.000747,0.005674,0.000221,0.025104
img_02270.jpg,0.788318,0.027882,0.016391,0.016949,0.015671,0.053004,0.006228,0.075556
img_02281.jpg,0.543483,0.118681,0.01411,0.06901,0.038084,0.128723,0.007614,0.080296
img_02282.jpg,0.000208,0.003741,0.001263,0.000456,0.000191,0.000942,0.00053,0.99267
img_02285.jpg,0.845843,0.002902,0.003278,0.00131,0.141517,0.002112,0.001443,0.001596
img_02291.jpg,0.954554,0.01135,0.004314,0.001392,0.019746,0.002274,0.001613,0.004757
img_02299.jpg,0.862826,0.029966,0.002044,0.00398,0.000467,0.020078,0.002658,0.077982
img_02305.jpg,0.108029,0.15848,0.034882,0.035147,0.122124,0.336246,0.101052,0.104041
img_02307.jpg,0.102678,0.036669,0.005028,0.006031,0.006801,0.046797,0.030795,0.765201
img_02309.jpg,0.976486,0.007621,0.001575,0.000302,0.009467,0.000913,0.001503,0.002132
img_02318.jpg,0.027368,0.005507,0.003832,0.001793,0.009216,0.011282,0.001627,0.939374
img_02347.jpg,0.435331,0.028345,0.017891,0.005131,0.440949,0.010584,0.006053,0.055716
img_02356.jpg,0.298263,0.01778,0.026817,0.003951,0.039757,0.031496,0.012226,0.569711
img_02367.jpg,0.419475,0.025331,0.005101,0.002115,0.48405,0.029399,0.005787,0.028743
img_02372.jpg,0.040071,0.006095,0.017905,0.0031,0.886354,0.036917,0.005565,0.003994
img_02379.jpg,0.289916,0.020362,0.009167,0.004774,0.037358,0.015487,0.01378,0.609157
img_02384.jpg,0.147019,0.010725,0.002837,0.002425,0.002813,0.036902,0.038978,0.758301
img_02398.jpg,0.306222,0.163455,0.010967,0.019839,0.011598,0.195061,0.015112,0.277746
img_02400.jpg,0.856038,0.012539,0.023468,0.004412,0.008329,0.068255,0.002295,0.024665
img_02406.jpg,0.211382,0.043096,0.041116,0.450743,0.026199,0.180806,0.009653,0.037004
img_02412.jpg,0.783679,0.008781,0.005104,0.001439,0.013365,0.011465,0.006841,0.169327
img_02416.jpg,0.228115,0.197795,0.019284,0.008067,0.141796,0.045341,0.029401,0.330202
img_02422.jpg,0.645,0.031954,0.004524,0.00603,0.00475,0.035125,0.134567,0.138051
img_02479.jpg,0.019531,0.016008,0.013955,0.003344,0.905999,0.005714,0.011544,0.023907
img_02486.jpg,0.657823,0.039409,0.032832,0.009727,0.016812,0.151681,0.004335,0.087381
img_02487.jpg,0.887188,0.012557,0.00448,0.001108,0.023765,0.005106,0.007081,0.058715
img_02507.jpg,0.608809,0.035657,0.047164,0.009273,0.103722,0.112408,0.016979,0.065988
img_02522.jpg,0.741607,0.093113,0.006584,0.010297,0.05566,0.050344,0.004444,0.037952
img_02540.jpg,0.46298,0.019308,0.014299,0.007859,0.09805,0.292998,0.008,0.096505
img_02546.jpg,0.423891,0.016771,0.055251,0.006774,0.368609,0.059218,0.005368,0.06412
img_02556.jpg,0.332646,0.030811,0.009055,0.00273,0.025284,0.049192,0.027133,0.523149
img_02560.jpg,0.027329,0.037808,0.003082,0.000938,0.909903,0.006704,0.002974,0.011262
img_02563.jpg,0.011433,0.003143,0.007634,0.001005,0.957482,0.012942,0.001353,0.005009
img_02565.jpg,0.653838,0.013783,0.006443,0.001588,0.010526,0.136343,0.101669,0.07581
img_02573.jpg,0.149548,0.233588,0.019633,0.008606,0.111232,0.045235,0.026455,0.405704
img_02574.jpg,0.428119,0.043155,0.019676,0.006954,0.313706,0.07962,0.008603,0.100168
img_02602.jpg,0.748808,0.071227,0.00651,0.003432,0.044286,0.055114,0.009378,0.061245
img_02607.jpg,0.277328,0.019342,0.016076,0.014591,0.331908,0.284973,0.016538,0.039244
img_02622.jpg,0.964677,0.002986,0.000974,0.000399,0.001893,0.006201,0.005183,0.017686
img_02625.jpg,0.537455,0.010544,0.01046,0.005453,0.016987,0.251823,0.022316,0.144962
img_02636.jpg,0.673113,0.10433,0.008028,0.003739,0.083776,0.011333,0.025976,0.089706
img_02638.jpg,0.809958,0.072585,0.003821,0.008786,0.012253,0.059574,0.004116,0.028907
img_02641.jpg,0.942583,0.002126,0.002916,0.001623,0.003674,0.02056,0.001314,0.025203
img_02646.jpg,0.05822,0.016522,0.00422,0.00299,0.003934,0.027942,0.018963,0.86721
img_02648.jpg,0.257299,0.067551,0.443553,0.009901,0.030667,0.027827,0.010991,0.152209
img_02651.jpg,0.975108,0.001568,0.002707,0.000413,0.012142,0.002369,0.000769,0.004925
img_02656.jpg,0.786602,0.049027,0.003673,0.011037,0.004277,0.022584,0.004535,0.118267
img_02666.jpg,0.968142,0.001484,0.002605,0.000322,0.020625,0.002423,0.000645,0.003755
img_02679.jpg,0.717324,0.034968,0.011728,0.006141,0.043799,0.011423,0.004226,0.170391
img_02687.jpg,0.088986,0.008063,0.004919,0.003254,0.003366,0.016027,0.004087,0.871299
img_02699.jpg,0.804192,0.011234,0.005532,0.00147,0.030049,0.028938,0.009118,0.109468
img_02702.jpg,0.970831,0.006314,0.002229,0.000511,0.014591,0.001028,0.001538,0.002958
img_02703.jpg,0.640341,0.025327,0.016448,0.010695,0.18481,0.057007,0.015765,0.049607
img_02709.jpg,0.820153,0.009656,0.009306,0.005973,0.010849,0.105363,0.002018,0.036682
img_02726.jpg,0.619112,0.010733,0.205305,0.006389,0.036176,0.055821,0.007971,0.058494
img_02733.jpg,0.693898,0.009108,0.011833,0.013839,0.010092,0.212767,0.002558,0.045905
img_02734.jpg,0.764505,0.094652,0.003642,0.004019,0.051215,0.069125,0.005715,0.007126
img_02739.jpg,0.987692,0.006,0.000594,9.00E-05,0.002991,0.000337,0.001109,0.001188
img_02749.jpg,0.597659,0.02464,0.004342,0.00842,0.039572,0.307341,0.003796,0.01423
img_02759.jpg,0.097392,0.019123,0.293796,0.006015,0.0109,0.014271,0.007683,0.550819
img_02764.jpg,0.881753,0.004691,0.00447,0.001905,0.060323,0.037754,0.003579,0.005525
img_02766.jpg,0.981091,0.00423,0.002784,0.000436,0.008207,0.000875,0.00148,0.000896
img_02769.jpg,0.170748,0.055313,0.20678,0.010504,0.016577,0.035471,0.010909,0.493699
img_02771.jpg,0.949773,0.017921,0.00127,0.002887,0.000544,0.01198,0.001242,0.014384
img_02789.jpg,0.184102,0.003094,0.001678,0.00156,0.792006,0.010893,0.004234,0.002434
img_02799.jpg,0.881909,0.047348,0.004801,0.001635,0.036434,0.005153,0.006653,0.016068
img_02808.jpg,0.786377,0.058137,0.014781,0.013992,0.015987,0.096416,0.003186,0.011124
img_02811.jpg,0.807948,0.011778,0.003817,0.004342,0.020539,0.140394,0.002835,0.008348
img_02830.jpg,0.284125,0.041845,0.011646,0.006079,0.007633,0.24177,0.154732,0.25217
img_02834.jpg,0.229873,0.027556,0.003895,0.00384,0.003705,0.086075,0.021169,0.623886
img_02837.jpg,0.468493,0.150319,0.011947,0.009429,0.111068,0.06404,0.025862,0.158842
img_02838.jpg,0.933107,0.018097,0.009308,0.00351,0.007397,0.01097,0.001801,0.015811
img_02842.jpg,0.455086,0.009974,0.013583,0.005985,0.022236,0.202298,0.020583,0.270256
img_02857.jpg,0.253818,0.230869,0.035586,0.009305,0.39325,0.015576,0.031782,0.029814
img_02865.jpg,0.008514,0.013308,0.005733,0.001789,0.951862,0.004145,0.00408,0.010568
img_02871.jpg,0.423672,0.051299,0.005122,0.004778,0.004839,0.213492,0.190567,0.106231
img_02876.jpg,0.12615,0.031844,0.240442,0.005295,0.024028,0.023327,0.006582,0.542331
img_02889.jpg,0.842976,0.013263,0.011493,0.006353,0.01532,0.054427,0.004033,0.052134
img_02890.jpg,0.810943,0.007341,0.004197,0.008066,0.01314,0.148051,0.001487,0.006775
img_02899.jpg,0.78053,0.032183,0.007725,0.010799,0.009715,0.102878,0.003001,0.053168
img_02904.jpg,0.920779,0.006313,0.006421,0.001234,0.005829,0.041164,0.000776,0.017485
img_02911.jpg,0.321274,0.22267,0.040611,0.097273,0.062603,0.118516,0.009312,0.127741
img_02916.jpg,0.696959,0.019204,0.034636,0.007228,0.022418,0.129068,0.006082,0.084405
img_02920.jpg,0.770311,0.119427,0.005296,0.010121,0.004032,0.06552,0.00952,0.015773
img_02943.jpg,0.936503,0.008331,0.001393,0.006202,0.000904,0.040287,0.001175,0.005206
img_02949.jpg,0.892617,0.011941,0.018521,0.006042,0.017515,0.030687,0.002537,0.020141
img_02954.jpg,0.167815,0.055562,0.022777,0.012028,0.404548,0.107825,0.01121,0.218235
img_02956.jpg,0.926802,0.015306,0.003578,0.001158,0.007838,0.01341,0.001198,0.03071
img_02964.jpg,0.002022,0.005652,0.006162,0.001087,0.00074,0.005995,0.001019,0.977325
img_02974.jpg,0.960153,0.004858,0.000906,0.000688,0.004031,0.001702,0.001448,0.026214
img_02977.jpg,0.53762,0.080842,0.027315,0.004014,0.310545,0.005872,0.006843,0.026948
img_02993.jpg,0.215675,0.038696,0.146429,0.009116,0.009769,0.030103,0.012891,0.537323
img_03014.jpg,0.003371,0.009086,0.00357,0.00102,0.969965,0.006065,0.002806,0.004116
img_03043.jpg,0.271901,0.046201,0.227711,0.009012,0.049959,0.070727,0.014837,0.309653
img_03055.jpg,0.96832,0.01261,0.001542,0.007081,0.000799,0.00581,0.001691,0.002147
img_03064.jpg,0.733762,0.034079,0.005668,0.001644,0.033236,0.043218,0.036619,0.111774
img_03069.jpg,0.029301,0.022258,0.005862,0.011957,0.002835,0.032639,0.037981,0.857168
img_03074.jpg,0.98064,0.007736,0.000409,0.001266,0.000624,0.004068,0.00117,0.004088
img_03078.jpg,0.8899,0.02088,0.009892,0.005854,0.001297,0.021858,0.001761,0.048556
img_03080.jpg,0.59405,0.030664,0.016819,0.003401,0.276071,0.020993,0.014437,0.043565
img_03082.jpg,0.84895,0.049788,0.005365,0.027608,0.016304,0.015108,0.005131,0.031745
img_03087.jpg,0.016606,0.028471,0.007971,0.002443,0.886842,0.044032,0.00729,0.006345
img_03116.jpg,0.097687,0.050568,0.019108,0.005295,0.740793,0.026601,0.021582,0.038365
img_03128.jpg,0.600718,0.010034,0.003788,0.001783,0.003208,0.017271,0.024931,0.338267
img_03135.jpg,0.518071,0.030252,0.005109,0.005276,0.008969,0.056603,0.015696,0.360025
img_03140.jpg,0.694087,0.087879,0.002819,0.003414,0.022887,0.165952,0.005194,0.017767
img_03166.jpg,0.820068,0.004848,0.005443,0.001798,0.089551,0.017929,0.003067,0.057295
img_03169.jpg,0.006411,0.177001,0.403287,0.005685,0.024307,0.019134,0.009385,0.354789
img_03181.jpg,0.538882,0.151786,0.005178,0.002997,0.131587,0.139652,0.004569,0.025349
img_03195.jpg,0.397253,0.034314,0.004906,0.015217,0.002112,0.073789,0.02635,0.446058
img_03199.jpg,0.875909,0.015347,0.008149,0.001249,0.016639,0.007627,0.010468,0.064612
img_03210.jpg,0.04015,0.022373,0.034889,0.008671,0.007616,0.051379,0.006291,0.828632
img_03220.jpg,0.367876,0.036479,0.01043,0.003454,0.49491,0.063723,0.00912,0.014009
img_03222.jpg,0.657898,0.128637,0.006157,0.008657,0.010576,0.1695,0.009128,0.009447
img_03223.jpg,0.548364,0.14511,0.0114,0.008165,0.107674,0.074303,0.02156,0.083424
img_03228.jpg,0.728947,0.051533,0.006781,0.043749,0.003011,0.038232,0.003078,0.124668
img_03229.jpg,0.467827,0.046499,0.010318,0.008877,0.002924,0.126256,0.196088,0.141211
img_03231.jpg,0.766779,0.04087,0.044667,0.010537,0.017859,0.041402,0.009064,0.068821
img_03238.jpg,0.788167,0.01309,0.003521,0.002333,0.004536,0.04639,0.02235,0.119613
img_03239.jpg,0.025552,0.20638,0.016116,0.003725,0.018747,0.005828,0.698254,0.025397
img_03252.jpg,0.952152,0.012644,0.005041,0.001432,0.018987,0.003605,0.001207,0.004932
img_03254.jpg,0.633335,0.011779,0.007539,0.003473,0.015178,0.251498,0.013741,0.063456
img_03260.jpg,0.931032,0.00826,0.010655,0.004565,0.007254,0.024672,0.002666,0.010896
img_03261.jpg,0.882331,0.025975,0.013048,0.002933,0.018944,0.036598,0.002158,0.018014
img_03270.jpg,0.074716,0.008655,0.014399,0.004448,0.044356,0.027741,0.010013,0.815671
img_03283.jpg,0.083419,0.073861,0.011439,0.048152,0.001667,0.031121,0.009323,0.741018
img_03290.jpg,0.481241,0.007705,0.00772,0.001514,0.016649,0.061703,0.009555,0.413913
img_03297.jpg,0.92891,0.008344,0.00621,0.006493,0.004183,0.021565,0.001192,0.023103
img_03310.jpg,0.76222,0.046155,0.002683,0.004287,0.040627,0.134119,0.002988,0.006921
img_03312.jpg,0.434355,0.133689,0.015064,0.027008,0.008044,0.128133,0.044524,0.209183
img_03324.jpg,0.320691,0.01537,0.44068,0.004051,0.006908,0.025489,0.004616,0.182195
img_03333.jpg,0.478314,0.029354,0.004122,0.004775,0.005813,0.293856,0.097787,0.085979
img_03342.jpg,0.658523,0.023227,0.002531,0.002926,0.006034,0.096108,0.025049,0.185602
img_03346.jpg,0.864341,0.02125,0.002283,0.003621,0.004651,0.067893,0.002539,0.033422
img_03355.jpg,0.148153,0.038947,0.006992,0.004834,0.002652,0.041451,0.03686,0.720111
img_03361.jpg,0.207359,0.658404,0.011207,0.004252,0.038215,0.050196,0.008503,0.021865
img_03370.jpg,0.958635,0.005363,0.000626,0.000356,0.002183,0.011873,0.01321,0.007754
img_03399.jpg,0.736592,0.077575,0.003841,0.00281,0.029509,0.132298,0.007019,0.010357
img_03410.jpg,0.857432,0.019503,0.004674,0.001456,0.094781,0.006196,0.005051,0.010907
img_03422.jpg,0.905782,0.023361,0.005899,0.008997,0.007698,0.042195,0.001473,0.004595
img_03426.jpg,0.870811,0.006184,0.004326,0.001208,0.088218,0.017793,0.004794,0.006667
img_03439.jpg,0.686767,0.01151,0.00568,0.005694,0.011277,0.272723,0.001871,0.004477
img_03440.jpg,0.077735,0.062361,0.290969,0.00408,0.012203,0.029521,0.005156,0.517976
img_03444.jpg,0.868706,0.030839,0.001598,0.002074,0.007796,0.025707,0.006768,0.056512
img_03445.jpg,0.871558,0.005958,0.004062,0.00122,0.098647,0.002209,0.002727,0.01362
img_03446.jpg,0.009953,0.102551,0.414126,0.006591,0.022546,0.034277,0.00652,0.403437
img_03452.jpg,0.11422,0.694354,0.010149,0.005469,0.058307,0.069581,0.012332,0.03559
img_03454.jpg,0.822231,0.00492,0.004199,0.001871,0.156126,0.004296,0.002546,0.003811
img_03456.jpg,0.001512,0.005569,0.001983,0.000503,0.984344,0.002576,0.001429,0.002084
img_03457.jpg,0.77069,0.013331,0.022617,0.004977,0.032839,0.14236,0.004959,0.008229
img_03471.jpg,0.057154,0.111334,0.0249,0.077468,0.009072,0.027112,0.00968,0.683281
img_03475.jpg,0.295747,0.04301,0.014851,0.006501,0.533025,0.035125,0.017176,0.054565
img_03488.jpg,0.807247,0.046964,0.004163,0.009551,0.004561,0.09377,0.01165,0.022094
img_03490.jpg,0.156037,0.202238,0.023234,0.00671,0.164774,0.039924,0.025535,0.381549
img_03502.jpg,0.924316,0.017706,0.00125,0.000857,0.002802,0.007819,0.03513,0.01012
img_03504.jpg,0.650633,0.040943,0.004729,0.002445,0.142854,0.135842,0.004322,0.018231
img_03520.jpg,0.491339,0.011366,0.011668,0.003496,0.301265,0.147255,0.007664,0.025948
img_03527.jpg,0.021246,0.052907,0.443766,0.008234,0.014898,0.036542,0.007928,0.414479
img_03547.jpg,0.993263,0.002489,7.10E-05,0.00025,0.000186,0.003132,0.000391,0.000218
img_03548.jpg,0.782827,0.006068,0.003813,0.002558,0.004897,0.025363,0.027702,0.146771
img_03554.jpg,0.769623,0.088317,0.008061,0.003591,0.077326,0.010018,0.015695,0.027368
img_03563.jpg,0.790162,0.04756,0.006825,0.014765,0.008678,0.021611,0.003648,0.106751
img_03581.jpg,0.831388,0.013567,0.004393,0.004023,0.027933,0.111318,0.002095,0.005285
img_03584.jpg,0.051852,0.100288,0.106684,0.008054,0.065571,0.028656,0.019906,0.618989
img_03587.jpg,0.39249,0.017469,0.006358,0.005633,0.012417,0.158961,0.05202,0.354652
img_03588.jpg,0.679262,0.014087,0.006547,0.007018,0.018492,0.127162,0.011446,0.135986
img_03602.jpg,0.512638,0.01238,0.012631,0.01039,0.031418,0.249927,0.026552,0.144063
img_03627.jpg,0.909471,0.02571,0.01028,0.002224,0.03459,0.003303,0.004238,0.010184
img_03628.jpg,0.975007,0.00487,0.001483,0.000331,0.004796,0.002598,0.001232,0.009683
img_03652.jpg,0.917023,0.003779,0.003118,0.001543,0.031099,0.037315,0.002374,0.003751
img_03670.jpg,0.904032,0.006,0.006293,0.001681,0.066577,0.005541,0.002461,0.007415
img_03674.jpg,0.067218,0.020821,0.010469,0.008031,0.778183,0.08063,0.006277,0.028372
img_03677.jpg,0.849224,0.076308,0.003349,0.006173,0.006045,0.018466,0.006266,0.034168
img_03711.jpg,0.813376,0.026021,0.018552,0.009387,0.031413,0.049925,0.008389,0.042937
img_03715.jpg,0.35142,0.188094,0.015951,0.183631,0.045708,0.063912,0.015285,0.136
img_03718.jpg,0.731665,0.008913,0.003956,0.00347,0.084061,0.150078,0.001804,0.016054
img_03726.jpg,0.080175,0.154374,0.032379,0.028809,0.100859,0.392033,0.100627,0.110743
img_03739.jpg,0.007033,0.034611,0.043724,0.00087,0.005297,0.004207,0.003044,0.901214
img_03749.jpg,0.527415,0.021145,0.006684,0.008419,0.007907,0.135224,0.028312,0.264894
img_03750.jpg,0.685706,0.008441,0.002391,0.002104,0.011018,0.159741,0.038385,0.092213
img_03760.jpg,0.505045,0.02085,0.004765,0.005516,0.01718,0.188508,0.056496,0.201639
img_03764.jpg,0.712918,0.160727,0.00336,0.0055,0.001302,0.027471,0.007505,0.081218
img_03776.jpg,0.378786,0.034128,0.011537,0.007437,0.32662,0.018225,0.013341,0.209928
img_03801.jpg,0.761996,0.008477,0.00845,0.005438,0.054426,0.032018,0.00701,0.122186
img_03805.jpg,0.844435,0.067583,0.004265,0.008712,0.006029,0.016716,0.005908,0.046352
img_03809.jpg,0.531781,0.168654,0.006847,0.007692,0.046105,0.077149,0.009366,0.152406
img_03825.jpg,0.967832,0.010925,0.000967,0.001834,0.00142,0.012164,0.001737,0.00312
img_03831.jpg,0.032959,0.038838,0.283684,0.003055,0.008825,0.012618,0.003394,0.616628
img_03837.jpg,0.670047,0.114489,0.015034,0.027014,0.039313,0.100746,0.003874,0.029483
img_03847.jpg,0.06022,0.083609,0.023004,0.011948,0.033271,0.61476,0.058964,0.114224
img_03853.jpg,0.746975,0.006196,0.004654,0.002501,0.210761,0.017288,0.004953,0.006672
img_03866.jpg,0.570458,0.05803,0.011458,0.007641,0.090063,0.203345,0.016836,0.042168
