image,ALB,BET,DOL,LAG,NoF,OTHER,SHARK,YFT
test_stg2/image_00001.jpg,0.117373,0.023688,0.024041,0.012095999999999999,0.7240880000000001,0.051902,0.026284,0.020528
test_stg2/image_00002.jpg,0.583329,0.030619999999999998,0.006481999999999999,0.002304,0.359004,0.00577,0.004314,0.008178
test_stg2/image_00003.jpg,0.195464,0.013821,0.010279,0.007031999999999999,0.63569,0.114231,0.0056549999999999994,0.017828999999999998
test_stg2/image_00004.jpg,0.46324099999999996,0.015385,0.014549000000000001,0.00411,0.022597,0.011892,0.017299000000000002,0.450927
test_stg2/image_00005.jpg,0.84704,0.023619,0.007107,0.002226,0.07732699999999999,0.009586,0.00411,0.028983999999999996
test_stg2/image_00006.jpg,0.696235,0.048907,0.008735,0.004104,0.048871,0.126248,0.014334,0.052564
test_stg2/image_00007.jpg,0.675063,0.014836000000000002,0.017700999999999998,0.003387,0.10815699999999999,0.066599,0.00402,0.11023800000000002
test_stg2/image_00008.jpg,0.5788949999999999,0.06042,0.016406999999999998,0.011149,0.162397,0.055698000000000004,0.007613,0.10742
test_stg2/image_00009.jpg,0.513646,0.197402,0.03123,0.0033590000000000004,0.167944,0.029781000000000002,0.019971,0.036666000000000004
test_stg2/image_00010.jpg,0.24500100000000002,0.037324,0.006912000000000001,0.0052179999999999995,0.0017460000000000002,0.035026999999999996,0.013151,0.655622
test_stg2/image_00011.jpg,0.44906899999999994,0.066124,0.029183999999999998,0.008048999999999999,0.345202,0.042841000000000004,0.010856000000000001,0.048675
test_stg2/image_00012.jpg,0.8191970000000001,0.024784999999999998,0.0073230000000000005,0.0023,0.083751,0.007902,0.00274,0.052002
test_stg2/image_00013.jpg,0.823966,0.025383000000000003,0.007209999999999999,0.003658,0.009602,0.017685,0.016493999999999998,0.096002
test_stg2/image_00014.jpg,0.87371,0.010570999999999999,0.010898,0.002313,0.077542,0.010159999999999999,0.00224,0.012565
test_stg2/image_00015.jpg,0.115369,0.048583,0.010812,0.016308,0.680721,0.056412000000000004,0.007356999999999999,0.064437
test_stg2/image_00016.jpg,0.644314,0.173119,0.026525999999999997,0.001674,0.127115,0.004386999999999999,0.010475,0.012392
test_stg2/image_00017.jpg,0.36598,0.102105,0.025269999999999997,0.018101,0.148582,0.101117,0.036289999999999996,0.20255599999999999
test_stg2/image_00018.jpg,0.238569,0.036591000000000005,0.063226,0.007217,0.546996,0.045891,0.014984,0.046525
test_stg2/image_00019.jpg,0.589566,0.089459,0.005881,0.005181,0.010020999999999999,0.087715,0.117302,0.094876
test_stg2/image_00020.jpg,0.169099,0.094151,0.019319,0.016599000000000003,0.572108,0.065183,0.037181,0.026358999999999997
test_stg2/image_00021.jpg,0.8266469999999999,0.022805000000000002,0.010796,0.002101,0.001567,0.010020000000000001,0.016068,0.10999600000000001
test_stg2/image_00022.jpg,0.618119,0.009807,0.01,0.005182,0.25925,0.072514,0.00575,0.019378
test_stg2/image_00023.jpg,0.822413,0.014319,0.005546,0.002669,0.013187,0.037701,0.051423,0.052742
test_stg2/image_00024.jpg,0.918948,0.02214,0.004053,0.0016940000000000002,0.012548,0.011366,0.0033079999999999997,0.025943
test_stg2/image_00025.jpg,0.7658510000000001,0.056809000000000005,0.009884,0.005786,0.0022329999999999997,0.031806,0.025713999999999997,0.10191599999999999
test_stg2/image_00026.jpg,0.40575,0.321024,0.039287,0.004325,0.142743,0.016584,0.015172999999999999,0.055113999999999996
test_stg2/image_00027.jpg,0.801088,0.035942,0.004385,0.002794,0.057361,0.011008,0.011873,0.075548
test_stg2/image_00028.jpg,0.5720890000000001,0.020502,0.027767,0.017352,0.172968,0.068021,0.025472,0.095829
test_stg2/image_00029.jpg,0.06560099999999999,0.11567899999999999,0.022633,0.001268,0.746133,0.006834999999999999,0.011881000000000001,0.02997
test_stg2/image_00030.jpg,0.23098000000000002,0.099315,0.030474,0.011075,0.40058299999999997,0.06364600000000001,0.022012999999999998,0.141914
test_stg2/image_00031.jpg,0.102006,0.006778,0.009178,0.002076,0.860909,0.009395,0.0027649999999999997,0.0068920000000000006
test_stg2/image_00032.jpg,0.48123599999999994,0.043835,0.015178,0.003176,0.37430399999999997,0.032717,0.004614,0.044939
test_stg2/image_00033.jpg,0.24128400000000003,0.071276,0.013347,0.002193,0.5761729999999999,0.018593000000000002,0.011662,0.065473
test_stg2/image_00034.jpg,0.557487,0.020784999999999998,0.024498,0.004538,0.34117800000000004,0.018596,0.005382,0.027535000000000004
test_stg2/image_00035.jpg,0.470596,0.08693300000000001,0.01541,0.007840999999999999,0.175817,0.06565399999999999,0.009011,0.168738
test_stg2/image_00036.jpg,0.756165,0.061157,0.009590999999999999,0.00405,0.054797000000000005,0.026151999999999998,0.0070799999999999995,0.08100800000000001
test_stg2/image_00037.jpg,0.24909499999999998,0.09502000000000001,0.026623,0.016727000000000002,0.494383,0.038879000000000004,0.030652999999999996,0.048619
test_stg2/image_00038.jpg,0.951069,0.010906,0.00435,0.0016719999999999999,0.013982,0.002729,0.0028280000000000002,0.012465
test_stg2/image_00039.jpg,0.272883,0.01584,0.008855,0.004265,0.643389,0.031255,0.004854,0.018659000000000002
test_stg2/image_00040.jpg,0.721801,0.023463,0.015338999999999998,0.0045119999999999995,0.177428,0.029047000000000003,0.007823,0.020587
test_stg2/image_00041.jpg,0.45506199999999997,0.060514,0.0177,0.016138999999999997,0.32555700000000004,0.063766,0.022789,0.038472000000000006
test_stg2/image_00042.jpg,0.483292,0.07859,0.026033999999999998,0.005018,0.152423,0.046685000000000004,0.015163,0.192794
test_stg2/image_00043.jpg,0.534708,0.161892,0.040818,0.005157,0.21316500000000002,0.009776,0.022267,0.012217
test_stg2/image_00044.jpg,0.817054,0.011204,0.003221,0.00047000000000000004,0.125054,0.00828,0.003275,0.031443
test_stg2/image_00045.jpg,0.170272,0.028338,0.010043,0.007973000000000001,0.729528,0.019524,0.016858,0.017464
test_stg2/image_00046.jpg,0.331493,0.038758999999999995,0.011869,0.005788000000000001,0.509043,0.047386000000000005,0.007731999999999999,0.047931
test_stg2/image_00047.jpg,0.600883,0.090895,0.011687999999999999,0.013419,0.145421,0.030503,0.038272,0.06891900000000001
test_stg2/image_00048.jpg,0.21549899999999997,0.027293,0.019991,0.008989,0.608045,0.059684,0.011659000000000001,0.048841
test_stg2/image_00049.jpg,0.571159,0.04177,0.028204000000000003,0.004358,0.284867,0.031116,0.009978,0.028548
test_stg2/image_00050.jpg,0.245284,0.004807,0.002116,0.000983,0.725543,0.015275,0.002802,0.0031899999999999997
test_stg2/image_00051.jpg,0.21505900000000003,0.043017,0.013438,0.004531,0.101225,0.044562,0.020597,0.55757
test_stg2/image_00052.jpg,0.463099,0.030037,0.021331,0.004239,0.051744000000000005,0.025653,0.017121,0.386775
test_stg2/image_00053.jpg,0.5402819999999999,0.058823,0.032788,0.011312000000000001,0.007293000000000001,0.133549,0.049352999999999994,0.1666
test_stg2/image_00054.jpg,0.5317609999999999,0.043351,0.006606999999999999,0.003949,0.259817,0.11039600000000001,0.005258,0.038862
test_stg2/image_00055.jpg,0.380365,0.071727,0.02409,0.032083999999999994,0.072438,0.125942,0.051082,0.242272
test_stg2/image_00056.jpg,0.855425,0.020607,0.009216,0.0021149999999999997,0.044627,0.007276,0.006532,0.054202
test_stg2/image_00057.jpg,0.662868,0.037319,0.020128,0.017856999999999998,0.015744,0.067459,0.012759,0.16586700000000001
test_stg2/image_00058.jpg,0.36572899999999997,0.145215,0.132262,0.006887999999999999,0.261728,0.013241,0.041569,0.033368
test_stg2/image_00059.jpg,0.651196,0.127554,0.016263,0.007356999999999999,0.042559,0.065704,0.039136000000000004,0.050232
test_stg2/image_00060.jpg,0.920306,0.014988999999999999,0.003089,0.001103,0.011279,0.026733,0.01174,0.010761
test_stg2/image_00061.jpg,0.49788699999999997,0.04955,0.018389,0.010803,0.21384099999999998,0.037108999999999996,0.018053,0.154368
test_stg2/image_00062.jpg,0.10670299999999999,0.032077999999999995,0.008212,0.002502,0.018824,0.015128999999999998,0.007151,0.809401
test_stg2/image_00063.jpg,0.045181,0.010875,0.006023,0.0037600000000000003,0.8725229999999999,0.030057999999999998,0.002036,0.029544
test_stg2/image_00064.jpg,0.390404,0.031951,0.013456000000000001,0.003715,0.5190640000000001,0.011455,0.007761,0.022193
test_stg2/image_00065.jpg,0.272362,0.060748,0.050291,0.009996,0.473053,0.05438200000000001,0.018862,0.060305
test_stg2/image_00066.jpg,0.768728,0.089013,0.004520000000000001,0.0033770000000000002,0.003076,0.05359,0.031751999999999996,0.045943
test_stg2/image_00067.jpg,0.8281040000000001,0.03539,0.002471,0.00101,0.057687999999999996,0.039133999999999995,0.010898,0.025306
test_stg2/image_00068.jpg,0.337431,0.015928,0.005541,0.002111,0.6054579999999999,0.018628,0.0038799999999999998,0.011022
test_stg2/image_00069.jpg,0.325327,0.008723,0.011565,0.004268999999999999,0.610244,0.016742,0.005158,0.017971
test_stg2/image_00070.jpg,0.236587,0.053864999999999996,0.019361,0.0028539999999999998,0.012602,0.080607,0.009165999999999999,0.584958
test_stg2/image_00071.jpg,0.29746999999999996,0.23097600000000001,0.07119299999999999,0.024303,0.12381600000000001,0.038317000000000004,0.10066,0.113265
test_stg2/image_00072.jpg,0.736843,0.03698,0.020025,0.003628,0.082615,0.021942,0.006221,0.09174500000000001
test_stg2/image_00073.jpg,0.9656969999999999,0.006227,0.000752,0.000605,0.001538,0.003393,0.0004969999999999999,0.021291
test_stg2/image_00074.jpg,0.911436,0.009037,0.004825,0.001006,0.055661,0.010169,0.000597,0.007268000000000001
test_stg2/image_00075.jpg,0.61443,0.015867,0.018515,0.011664,0.09126000000000001,0.033125,0.021619,0.193519
test_stg2/image_00076.jpg,0.116308,0.049107,0.019861,0.028935000000000002,0.5962,0.097071,0.054361,0.038156999999999996
test_stg2/image_00077.jpg,0.15115599999999998,0.137249,0.0074730000000000005,0.012668,0.019343,0.164008,0.022109,0.48599499999999995
test_stg2/image_00078.jpg,0.195023,0.090664,0.041468,0.006912000000000001,0.11002200000000001,0.026701999999999997,0.026414999999999998,0.502794
test_stg2/image_00079.jpg,0.661171,0.064848,0.006620999999999999,0.0055320000000000005,0.037469,0.019031,0.012384000000000001,0.192944
test_stg2/image_00080.jpg,0.5211020000000001,0.065099,0.010348,0.00992,0.013963,0.048006,0.073757,0.257805
test_stg2/image_00081.jpg,0.718301,0.024779,0.020394,0.0035619999999999996,0.176236,0.014018000000000001,0.0038009999999999997,0.038908
test_stg2/image_00082.jpg,0.509736,0.035948,0.026452,0.018908,0.313515,0.059799,0.014891999999999999,0.020749
test_stg2/image_00083.jpg,0.18145899999999998,0.012709999999999999,0.02048,0.007925,0.710789,0.035607,0.009639,0.021391
test_stg2/image_00084.jpg,0.644504,0.019386,0.012216,0.006834999999999999,0.253467,0.034405,0.006257,0.022931
test_stg2/image_00085.jpg,0.342366,0.194298,0.073138,0.010457,0.241436,0.044012,0.033417,0.060875
test_stg2/image_00086.jpg,0.389812,0.014836000000000002,0.007702,0.00589,0.059738,0.041007999999999996,0.030402999999999996,0.45061
test_stg2/image_00087.jpg,0.421729,0.07174900000000001,0.11634800000000001,0.006695,0.184698,0.10624700000000001,0.00675,0.085783
test_stg2/image_00088.jpg,0.081055,0.014594,0.013238,0.010359,0.811397,0.040264,0.016618,0.012473999999999999
test_stg2/image_00089.jpg,0.394492,0.090761,0.027408999999999996,0.0058390000000000004,0.31940100000000005,0.045182,0.012261,0.104655
test_stg2/image_00090.jpg,0.072006,0.022496000000000002,0.011877,0.010481,0.8139350000000001,0.047655,0.012676999999999999,0.008873
test_stg2/image_00091.jpg,0.841966,0.01135,0.092167,0.002576,0.004065999999999999,0.014981,0.007629,0.025263
test_stg2/image_00092.jpg,0.33976,0.052624000000000004,0.024237,0.005564,0.456288,0.059727999999999996,0.012388,0.04941
test_stg2/image_00093.jpg,0.36271,0.034952,0.023256,0.006423000000000001,0.497039,0.021779,0.006973999999999999,0.046867
test_stg2/image_00094.jpg,0.762035,0.032010000000000004,0.00905,0.004704,0.007597,0.027270999999999997,0.056663,0.10066900000000001
test_stg2/image_00095.jpg,0.312241,0.040549,0.005039,0.002117,0.254011,0.025867,0.005768,0.35440900000000003
test_stg2/image_00096.jpg,0.5304770000000001,0.032755,0.029317000000000003,0.005057,0.285242,0.028589,0.016280000000000003,0.072283
test_stg2/image_00097.jpg,0.424492,0.065625,0.040851,0.033127,0.300954,0.057744000000000004,0.031585,0.045622
test_stg2/image_00098.jpg,0.03895,0.022837,0.011814,0.007999,0.8719379999999999,0.029929,0.01057,0.005964
test_stg2/image_00099.jpg,0.31178,0.110213,0.021840000000000002,0.04313,0.036347000000000004,0.061176999999999995,0.042213,0.373299
test_stg2/image_00100.jpg,0.448412,0.019429,0.011823,0.005358,0.222723,0.10747999999999999,0.004412,0.18036300000000002
test_stg2/image_00101.jpg,0.676804,0.047191000000000004,0.006063000000000001,0.007053,0.014572,0.041806,0.024069999999999998,0.18244100000000002
test_stg2/image_00102.jpg,0.843831,0.020159,0.009616,0.00375,0.06315599999999999,0.014458000000000002,0.003038,0.041992
test_stg2/image_00103.jpg,0.42290900000000003,0.157162,0.013783000000000002,0.005229,0.046281,0.029381,0.008394,0.316862
test_stg2/image_00104.jpg,0.279794,0.014999,0.012229,0.0032909999999999997,0.65269,0.011583,0.010139,0.015274000000000001
test_stg2/image_00105.jpg,0.743394,0.036655,0.006569,0.008539,0.013916999999999999,0.035897000000000005,0.037131,0.117898
test_stg2/image_00106.jpg,0.687524,0.089412,0.020037,0.004386999999999999,0.066535,0.042214,0.011526999999999999,0.078364
test_stg2/image_00107.jpg,0.598489,0.06193200000000001,0.020378999999999998,0.004274,0.237053,0.025314,0.013397999999999998,0.039162
test_stg2/image_00108.jpg,0.022609999999999998,0.002078,0.002545,0.001021,0.959933,0.004981,0.0010890000000000001,0.005742000000000001
test_stg2/image_00109.jpg,0.175049,0.036368,0.021672,0.004138,0.697038,0.022941,0.007092,0.035702
test_stg2/image_00110.jpg,0.22393200000000002,0.139975,0.036016,0.009502,0.373907,0.031452,0.040864,0.144351
test_stg2/image_00111.jpg,0.21829400000000002,0.034292,0.009639,0.013443,0.5674,0.042142,0.052011,0.062779
test_stg2/image_00112.jpg,0.508641,0.077724,0.011415999999999999,0.012206999999999999,0.006027,0.069965,0.10252,0.21150100000000002
test_stg2/image_00113.jpg,0.422912,0.037022,0.023472999999999997,0.002071,0.008879999999999999,0.020191,0.005122,0.480328
test_stg2/image_00114.jpg,0.552323,0.044681,0.024666999999999998,0.008688,0.22078699999999998,0.053433,0.032243,0.063177
test_stg2/image_00115.jpg,0.37449499999999997,0.222431,0.10504100000000001,0.016574000000000002,0.130599,0.058704,0.036993,0.055163
test_stg2/image_00116.jpg,0.441193,0.056503,0.011637999999999999,0.020394,0.018690000000000002,0.054086,0.019257,0.37824
test_stg2/image_00117.jpg,0.7185729999999999,0.017509999999999998,0.017845,0.003314,0.002553,0.039464,0.046317000000000004,0.154424
test_stg2/image_00118.jpg,0.703068,0.078673,0.0069900000000000006,0.010077,0.102286,0.036307,0.029835000000000004,0.032764
test_stg2/image_00119.jpg,0.519734,0.087463,0.020977000000000003,0.0073939999999999995,0.219092,0.066437,0.008954,0.06994700000000001
test_stg2/image_00120.jpg,0.274913,0.10405299999999999,0.042898,0.033777,0.335891,0.092059,0.065434,0.050974
test_stg2/image_00121.jpg,0.319366,0.028727999999999997,0.014896000000000001,0.003628,0.6037239999999999,0.01069,0.007356999999999999,0.011609999999999999
test_stg2/image_00122.jpg,0.6258229999999999,0.063863,0.007309,0.008047,0.036251,0.085372,0.015094999999999999,0.15824000000000002
test_stg2/image_00123.jpg,0.50755,0.019173,0.023683000000000003,0.002844,0.42645900000000003,0.010731000000000001,0.0038740000000000003,0.005685
test_stg2/image_00124.jpg,0.5277069999999999,0.055682,0.0070090000000000005,0.011133,0.008456,0.039058999999999996,0.036410000000000005,0.314544
test_stg2/image_00125.jpg,0.65404,0.020307,0.006581,0.0035450000000000004,0.19098800000000002,0.036279,0.009136,0.079123
test_stg2/image_00126.jpg,0.684714,0.022019,0.010204000000000001,0.005945000000000001,0.113577,0.027349000000000002,0.004561,0.131631
test_stg2/image_00127.jpg,0.530805,0.062916,0.024592,0.004318,0.22194,0.06939,0.007106,0.078933
test_stg2/image_00128.jpg,0.5538810000000001,0.035826,0.011802,0.004013,0.08380900000000001,0.267517,0.017762,0.025391
test_stg2/image_00129.jpg,0.283532,0.0086,0.007086,0.002252,0.673509,0.010992,0.004759,0.009271
test_stg2/image_00130.jpg,0.204573,0.028431,0.015737,0.006187,0.623861,0.048639999999999996,0.006905,0.065666
test_stg2/image_00131.jpg,0.321407,0.06688999999999999,0.025442,0.024944,0.325791,0.102424,0.064309,0.06879299999999999
test_stg2/image_00132.jpg,0.474887,0.071897,0.016818,0.014078,0.009321,0.058977,0.010619,0.343402
test_stg2/image_00133.jpg,0.9554729999999999,0.004833,0.003011,0.0021030000000000003,0.013858,0.008338,0.001827,0.010556
test_stg2/image_00134.jpg,0.176829,0.023701,0.022042,0.02349,0.661814,0.06676699999999999,0.016988999999999997,0.008369
test_stg2/image_00135.jpg,0.565243,0.019393999999999998,0.004458,0.005324000000000001,0.0037560000000000002,0.024079,0.01686,0.360885
test_stg2/image_00136.jpg,0.884539,0.032285,0.013635,0.004024,0.02077,0.017287,0.005903,0.021555
test_stg2/image_00137.jpg,0.549706,0.025338,0.022489,0.008206999999999999,0.249166,0.048118,0.006714,0.09026
test_stg2/image_00138.jpg,0.296133,0.12014000000000001,0.022278,0.008849,0.095915,0.048583999999999995,0.039039,0.36906
test_stg2/image_00139.jpg,0.750223,0.025976999999999997,0.012408,0.011351,0.023921,0.041943,0.032873,0.101303
test_stg2/image_00140.jpg,0.704408,0.01564,0.016278,0.004481000000000001,0.104452,0.035470999999999996,0.013428,0.105842
test_stg2/image_00141.jpg,0.507469,0.014866999999999998,0.019006,0.009875,0.124347,0.043019,0.004444,0.276973
test_stg2/image_00142.jpg,0.34075900000000003,0.032478,0.01636,0.016474000000000003,0.010808,0.031055000000000003,0.011798999999999999,0.5402680000000001
test_stg2/image_00143.jpg,0.47944799999999993,0.095525,0.017563,0.01653,0.165846,0.071887,0.055121,0.09808
test_stg2/image_00144.jpg,0.509772,0.014468,0.012601000000000001,0.00583,0.33722199999999997,0.025153000000000002,0.009457,0.085497
test_stg2/image_00145.jpg,0.546061,0.096148,0.015327,0.004085,0.225521,0.013016,0.005842,0.094
test_stg2/image_00146.jpg,0.571695,0.034158999999999995,0.017821,0.004063000000000001,0.006097999999999999,0.017806,0.024724,0.323633
test_stg2/image_00147.jpg,0.838475,0.013295,0.008728,0.000947,0.12447799999999999,0.002325,0.0017850000000000001,0.009968000000000001
test_stg2/image_00148.jpg,0.270044,0.041769,0.012744,0.006428,0.405941,0.215285,0.017752,0.030038
test_stg2/image_00149.jpg,0.773676,0.079809,0.008733,0.002017,0.033494,0.016128999999999998,0.008504000000000001,0.077636
test_stg2/image_00150.jpg,0.731346,0.008119,0.005212,0.0018969999999999998,0.193779,0.014513999999999999,0.00476,0.040373
test_stg2/image_00151.jpg,0.6874680000000001,0.032159,0.023424,0.019306999999999998,0.105148,0.073055,0.027027,0.032411
test_stg2/image_00152.jpg,0.5606899999999999,0.02065,0.009087,0.002204,0.357773,0.008405,0.0033799999999999998,0.03781
test_stg2/image_00153.jpg,0.8845700000000001,0.019938,0.001993,0.002616,0.019505,0.026695999999999998,0.013425999999999999,0.031255
test_stg2/image_00154.jpg,0.24333600000000002,0.030715,0.013066999999999999,0.013885,0.653792,0.024850999999999998,0.011555,0.008798
test_stg2/image_00155.jpg,0.288121,0.061491,0.032706,0.018382,0.44099700000000003,0.072653,0.018162,0.067488
test_stg2/image_00156.jpg,0.658311,0.03868,0.019617,0.002329,0.189415,0.023666999999999997,0.0019190000000000001,0.066062
test_stg2/image_00157.jpg,0.469004,0.087532,0.056987,0.00455,0.164999,0.043052999999999994,0.015244,0.158632
test_stg2/image_00158.jpg,0.323289,0.045923,0.039717,0.006221,0.391169,0.15070799999999998,0.003721,0.039251
test_stg2/image_00159.jpg,0.5106229999999999,0.074213,0.013672,0.009327,0.049495,0.035485,0.020995,0.28619
test_stg2/image_00160.jpg,0.905668,0.016238,0.004842,0.0029100000000000003,0.002576,0.013635,0.0373,0.016831
test_stg2/image_00161.jpg,0.7138369999999999,0.016356,0.021854,0.0045780000000000005,0.168783,0.044828,0.007988,0.021776
test_stg2/image_00162.jpg,0.835636,0.017311,0.005799,0.0022670000000000004,0.043336,0.026254000000000003,0.007847,0.061551
test_stg2/image_00163.jpg,0.359427,0.063207,0.032343000000000004,0.005097,0.281183,0.129917,0.009298,0.119527
test_stg2/image_00164.jpg,0.5002439999999999,0.038701,0.032162,0.016628999999999998,0.21539,0.126256,0.030525999999999998,0.040092
test_stg2/image_00165.jpg,0.279439,0.199783,0.08079,0.026258,0.22181399999999998,0.08279,0.020027,0.0891
test_stg2/image_00166.jpg,0.077962,0.023757,0.020278,0.015553,0.778691,0.044134,0.025786,0.013838999999999999
test_stg2/image_00167.jpg,0.967658,0.00561,0.005572,0.000472,0.007509999999999999,0.002948,0.000539,0.009691
test_stg2/image_00168.jpg,0.821377,0.044164,0.005985,0.0008230000000000001,0.022373,0.014537000000000001,0.004561,0.08617899999999999
test_stg2/image_00169.jpg,0.080897,0.022890999999999998,0.015674,0.008095,0.766471,0.072988,0.017292,0.015691999999999998
test_stg2/image_00170.jpg,0.787688,0.018084,0.007232,0.0035299999999999997,0.047476,0.052504999999999996,0.004644,0.078841
test_stg2/image_00171.jpg,0.1544,0.034111,0.008757,0.002349,0.7691439999999999,0.008859,0.0026969999999999997,0.019684
test_stg2/image_00172.jpg,0.974665,0.0056549999999999994,0.001241,0.000597,0.012371,0.0009720000000000001,0.000699,0.0037990000000000003
test_stg2/image_00173.jpg,0.050334,0.018553999999999998,0.029487,0.012947,0.8098270000000001,0.048628,0.020243,0.009982
test_stg2/image_00174.jpg,0.170799,0.035177,0.020611,0.018847,0.5981380000000001,0.088974,0.046852,0.020603
test_stg2/image_00175.jpg,0.951842,0.007781999999999999,0.002762,0.000519,0.0067079999999999996,0.014487,0.001046,0.014855000000000002
test_stg2/image_00176.jpg,0.316479,0.21969299999999997,0.080399,0.021013,0.150642,0.025638,0.070733,0.11540299999999999
test_stg2/image_00177.jpg,0.067275,0.021527,0.026162,0.015250999999999999,0.781863,0.056282000000000006,0.015113,0.016528
test_stg2/image_00178.jpg,0.370302,0.067449,0.032064999999999996,0.005517,0.39426100000000003,0.029543,0.010954,0.089909
test_stg2/image_00179.jpg,0.779162,0.017837000000000002,0.003355,0.002689,0.003293,0.096939,0.011036,0.085689
test_stg2/image_00180.jpg,0.39376700000000003,0.09572699999999999,0.10633499999999999,0.041479,0.096194,0.040782,0.016541,0.209175
test_stg2/image_00181.jpg,0.135074,0.036108999999999995,0.014632,0.005577,0.730528,0.047055,0.012665000000000001,0.018359999999999998
test_stg2/image_00182.jpg,0.272038,0.052079999999999994,0.021782,0.0074670000000000005,0.574022,0.024711,0.015451,0.032449
test_stg2/image_00183.jpg,0.147838,0.028702,0.008313,0.008301000000000001,0.731688,0.032762,0.013405000000000002,0.028991000000000003
test_stg2/image_00184.jpg,0.6520779999999999,0.06296399999999999,0.017272,0.004594,0.037958,0.010407,0.009708,0.205019
test_stg2/image_00185.jpg,0.5064810000000001,0.02648,0.015595,0.006168,0.370131,0.015837,0.006257,0.05305
test_stg2/image_00186.jpg,0.11166,0.008262,0.0074140000000000005,0.004817,0.813696,0.0139,0.004681,0.03557
test_stg2/image_00187.jpg,0.025372,0.006594,0.009281000000000001,0.00403,0.916483,0.024727000000000002,0.0057729999999999995,0.007739
test_stg2/image_00188.jpg,0.220741,0.111082,0.02611,0.023908000000000002,0.271308,0.154574,0.092035,0.100242
test_stg2/image_00189.jpg,0.24811100000000003,0.051127,0.020131,0.006693999999999999,0.037497,0.046603,0.021574,0.568264
test_stg2/image_00190.jpg,0.202718,0.055268,0.045538999999999996,0.009483,0.086703,0.027199,0.007146,0.565943
test_stg2/image_00191.jpg,0.9912270000000001,0.0014039999999999999,0.000294,0.000459,0.000335,0.001795,0.00028900000000000003,0.0041979999999999995
test_stg2/image_00192.jpg,0.741265,0.039252999999999996,0.013013999999999998,0.003804,0.040284,0.048833999999999995,0.004939,0.108608
test_stg2/image_00193.jpg,0.8551989999999999,0.004595,0.005318,0.001734,0.07096799999999999,0.016427,0.0026260000000000003,0.043132
test_stg2/image_00194.jpg,0.101399,0.269671,0.144214,0.011738,0.292373,0.056138,0.034700999999999996,0.089766
test_stg2/image_00195.jpg,0.545367,0.11773800000000001,0.025338999999999997,0.004573,0.154656,0.051661,0.006909,0.09375700000000001
test_stg2/image_00196.jpg,0.9089649999999999,0.021572,0.0013289999999999999,0.002206,0.021800999999999997,0.020791999999999998,0.007129000000000001,0.016206
test_stg2/image_00197.jpg,0.137258,0.041066000000000005,0.014372999999999999,0.013835,0.662401,0.085259,0.031272,0.014536000000000002
test_stg2/image_00198.jpg,0.171904,0.15851400000000002,0.057032000000000006,0.007409000000000001,0.07781,0.050277999999999996,0.031818,0.44523599999999997
test_stg2/image_00199.jpg,0.143624,0.049423,0.009778,0.004998,0.718503,0.023137,0.015627000000000002,0.034908999999999996
test_stg2/image_00200.jpg,0.697113,0.016297,0.014542,0.003807,0.14266600000000002,0.043599,0.004541,0.077436
test_stg2/image_00201.jpg,0.079199,0.026117,0.007372,0.0044859999999999995,0.805301,0.054530999999999996,0.009457,0.013537
test_stg2/image_00202.jpg,0.6039260000000001,0.014606000000000001,0.003996,0.001289,0.344858,0.018917,0.002466,0.009943
test_stg2/image_00203.jpg,0.7542770000000001,0.011852,0.013336,0.0050030000000000005,0.050832999999999996,0.020544999999999997,0.008994,0.135161
test_stg2/image_00204.jpg,0.40984899999999996,0.055332000000000006,0.025935000000000003,0.007045,0.229825,0.17641300000000001,0.009717,0.085884
test_stg2/image_00205.jpg,0.268466,0.046907,0.012896000000000001,0.010442,0.551892,0.040333999999999995,0.031477,0.037586
test_stg2/image_00206.jpg,0.275927,0.045071,0.016972,0.007089,0.008631999999999999,0.054301,0.055213,0.536795
test_stg2/image_00207.jpg,0.16087100000000001,0.043562000000000003,0.017693,0.0125,0.654158,0.030768,0.026293,0.054154999999999995
test_stg2/image_00208.jpg,0.137474,0.198474,0.07794,0.006474,0.504178,0.010487999999999999,0.015726,0.049245
test_stg2/image_00209.jpg,0.489386,0.037238,0.028333999999999998,0.006525,0.046238,0.019934999999999998,0.003546,0.368797
test_stg2/image_00210.jpg,0.9866379999999999,0.0010789999999999999,0.00101,0.000241,0.009017,0.000615,0.00059,0.0008089999999999999
test_stg2/image_00211.jpg,0.871202,0.036636,0.003002,0.001052,0.026754000000000003,0.040358,0.012598999999999999,0.008397
test_stg2/image_00212.jpg,0.925212,0.011509,0.00372,0.001228,0.038901,0.008193,0.00245,0.008787
test_stg2/image_00213.jpg,0.506432,0.08859600000000001,0.017514,0.008456,0.261144,0.037939999999999995,0.01913,0.060787
test_stg2/image_00214.jpg,0.8717469999999999,0.014615000000000001,0.008464,0.0041259999999999995,0.012461,0.011058,0.014830000000000001,0.062698
test_stg2/image_00215.jpg,0.521173,0.058963999999999996,0.022889,0.010209000000000001,0.13677999999999998,0.017902,0.008107,0.223976
test_stg2/image_00216.jpg,0.20334000000000002,0.011475,0.011274,0.001971,0.0017629999999999998,0.018722,0.005374,0.74608
test_stg2/image_00217.jpg,0.722549,0.047825,0.020943,0.0032549999999999996,0.126814,0.023331,0.007711,0.047570999999999995
test_stg2/image_00218.jpg,0.696457,0.021074000000000002,0.01791,0.004305,0.22083899999999998,0.010071,0.007851,0.021494
test_stg2/image_00219.jpg,0.240002,0.02037,0.010447,0.0036829999999999996,0.6999350000000001,0.010734,0.006529000000000001,0.008298999999999999
test_stg2/image_00220.jpg,0.806493,0.046474,0.005278,0.003961,0.003168,0.015624,0.025256,0.09374600000000001
test_stg2/image_00221.jpg,0.17471199999999998,0.019549,0.02204,0.0089,0.557737,0.121427,0.003926,0.091711
test_stg2/image_00222.jpg,0.24115100000000003,0.034349,0.017169,0.009405,0.570036,0.056678,0.009908,0.061304
test_stg2/image_00223.jpg,0.5070359999999999,0.081966,0.05335,0.009062,0.26396,0.037562,0.011639,0.035424000000000004
test_stg2/image_00224.jpg,0.21152800000000002,0.035524,0.016884,0.007364,0.056627,0.016301,0.011183,0.6445890000000001
test_stg2/image_00225.jpg,0.578705,0.074446,0.031449,0.010494,0.162888,0.045377,0.015745,0.080898
test_stg2/image_00226.jpg,0.37596199999999996,0.067255,0.035901,0.007195999999999999,0.145569,0.039604,0.027127999999999996,0.30138400000000004
test_stg2/image_00227.jpg,0.377682,0.088602,0.034633,0.030489999999999996,0.326071,0.083348,0.041552,0.017621
test_stg2/image_00228.jpg,0.322988,0.017916,0.008846,0.014431,0.49671800000000005,0.09386,0.021781000000000002,0.023458
test_stg2/image_00229.jpg,0.766363,0.012675,0.01356,0.0017579999999999998,0.14714100000000002,0.011864,0.003017,0.043621
test_stg2/image_00230.jpg,0.128744,0.10025099999999999,0.023761,0.014759999999999999,0.455729,0.143847,0.05587,0.077037
test_stg2/image_00231.jpg,0.337115,0.06365499999999999,0.022966999999999998,0.005965,0.21054499999999998,0.052775,0.046077999999999994,0.260899
test_stg2/image_00232.jpg,0.960456,0.008112000000000001,0.0031219999999999998,0.00165,0.007968000000000001,0.0039770000000000005,0.0018170000000000003,0.012899
test_stg2/image_00233.jpg,0.661373,0.038282,0.019949,0.003817,0.003315,0.020053,0.034498,0.218712
test_stg2/image_00234.jpg,0.917535,0.022499,0.00458,0.0016,0.022361000000000002,0.0051719999999999995,0.00427,0.021983000000000003
test_stg2/image_00235.jpg,0.758376,0.015621000000000001,0.014574,0.004723,0.129272,0.026448000000000003,0.006093,0.044893999999999996
test_stg2/image_00236.jpg,0.400117,0.173015,0.059369000000000005,0.018824,0.147543,0.022638,0.065274,0.113219
test_stg2/image_00237.jpg,0.561508,0.10821199999999999,0.027703,0.008828,0.089279,0.03456,0.016517,0.153393
test_stg2/image_00238.jpg,0.764383,0.032901,0.022003,0.003496,0.07835299999999999,0.041951,0.010015999999999999,0.046897
test_stg2/image_00239.jpg,0.352627,0.065301,0.025046000000000002,0.012032,0.436299,0.047981,0.010639000000000001,0.050074
test_stg2/image_00240.jpg,0.449981,0.10272,0.022542,0.012281,0.018149000000000002,0.020021,0.06353099999999999,0.310775
test_stg2/image_00241.jpg,0.451245,0.017193,0.009073999999999999,0.0022440000000000003,0.501228,0.010352,0.002865,0.005799
test_stg2/image_00242.jpg,0.560569,0.0065969999999999996,0.00398,0.00133,0.387251,0.024301,0.001544,0.014428
test_stg2/image_00243.jpg,0.797597,0.017924000000000002,0.018086,0.004985,0.082478,0.038409,0.004454,0.036067
test_stg2/image_00244.jpg,0.444161,0.241813,0.005776,0.0058920000000000005,0.038923,0.041613,0.06096699999999999,0.160855
test_stg2/image_00245.jpg,0.5482100000000001,0.007572,0.007293000000000001,0.0031219999999999998,0.39978,0.013359000000000001,0.004272,0.016392
test_stg2/image_00246.jpg,0.381389,0.018299,0.045415,0.0069310000000000005,0.325902,0.096185,0.006411,0.119468
test_stg2/image_00247.jpg,0.831742,0.043532,0.008593,0.0021850000000000003,0.076874,0.011401,0.00385,0.021823
test_stg2/image_00248.jpg,0.25103600000000004,0.021276,0.053854,0.013237,0.43663500000000005,0.10180299999999999,0.016362,0.105796
test_stg2/image_00249.jpg,0.7554270000000001,0.012234,0.059898,0.004339,0.057214,0.045850999999999996,0.0036049999999999997,0.061433
test_stg2/image_00250.jpg,0.5485180000000001,0.014688,0.011897,0.002443,0.032684,0.030038,0.007056999999999999,0.35267600000000005
test_stg2/image_00251.jpg,0.657871,0.0168,0.010017,0.005692,0.11931800000000001,0.094033,0.014421999999999999,0.081846
test_stg2/image_00252.jpg,0.706023,0.048023,0.009111,0.004634,0.048952999999999997,0.018179,0.005215999999999999,0.15986199999999998
test_stg2/image_00253.jpg,0.35386300000000004,0.060617,0.016342,0.008331999999999999,0.456434,0.060784000000000005,0.011609999999999999,0.032019
test_stg2/image_00254.jpg,0.746174,0.003045,0.001583,0.0009220000000000001,0.23902800000000002,0.004449,0.0031379999999999997,0.001662
test_stg2/image_00255.jpg,0.582182,0.004186,0.010643999999999999,0.001801,0.380338,0.007306999999999999,0.0031030000000000003,0.010439
test_stg2/image_00256.jpg,0.190613,0.038159,0.007169,0.0058850000000000005,0.054485000000000006,0.144896,0.016495,0.542299
test_stg2/image_00257.jpg,0.5255270000000001,0.027987,0.019131,0.012151,0.31062199999999995,0.044622,0.018405,0.041554
test_stg2/image_00258.jpg,0.8848729999999999,0.001946,0.010309,0.00116,0.073853,0.014334,0.001153,0.012372
test_stg2/image_00259.jpg,0.824782,0.030016,0.0045850000000000005,0.002681,0.004161,0.016973,0.023821000000000002,0.092981
test_stg2/image_00260.jpg,0.7953210000000001,0.025123,0.027944,0.005393,0.071604,0.013911000000000001,0.006763,0.053940999999999996
test_stg2/image_00261.jpg,0.6259399999999999,0.007719,0.012242,0.002853,0.121496,0.10353699999999999,0.00772,0.118493
test_stg2/image_00262.jpg,0.237042,0.018688,0.010124,0.003796,0.677315,0.014079,0.002829,0.036127
test_stg2/image_00263.jpg,0.760358,0.038735000000000006,0.010909,0.0033439999999999998,0.10868699999999999,0.042922,0.012135,0.02291
test_stg2/image_00264.jpg,0.824382,0.062294,0.010882,0.0040880000000000005,0.074564,0.007351000000000001,0.007536,0.008903
test_stg2/image_00265.jpg,0.8196110000000001,0.032001999999999996,0.005808,0.005429,0.006408,0.022752,0.007817000000000001,0.100175
test_stg2/image_00266.jpg,0.650402,0.049402999999999996,0.009364,0.00561,0.093276,0.084881,0.025044999999999998,0.08201900000000001
test_stg2/image_00267.jpg,0.527438,0.063958,0.005852,0.011013,0.128721,0.032594,0.031695999999999995,0.198728
test_stg2/image_00268.jpg,0.030298000000000002,0.003211,0.002441,0.000762,0.9551120000000001,0.003159,0.001309,0.0037090000000000005
test_stg2/image_00269.jpg,0.816731,0.07863400000000001,0.002666,0.0017629999999999998,0.006461,0.028251,0.018033,0.04746
test_stg2/image_00270.jpg,0.733294,0.037273,0.038133,0.006037,0.01228,0.030721,0.060274,0.081988
test_stg2/image_00271.jpg,0.753835,0.009576000000000001,0.0043289999999999995,0.001678,0.209033,0.011054000000000001,0.001827,0.008667
test_stg2/image_00272.jpg,0.548093,0.180199,0.0056560000000000004,0.007379999999999999,0.010948000000000001,0.04045,0.008856999999999999,0.198416
test_stg2/image_00273.jpg,0.0325,0.015603,0.0021609999999999997,0.002787,0.000811,0.016779,0.0063,0.92306
test_stg2/image_00274.jpg,0.472112,0.035043,0.011973000000000001,0.008338,0.007319,0.016416999999999998,0.095592,0.353206
test_stg2/image_00275.jpg,0.252654,0.18345699999999998,0.063162,0.013697999999999998,0.390127,0.040886,0.01976,0.036258
test_stg2/image_00276.jpg,0.9044840000000001,0.021554,0.006619,0.002933,0.043794,0.006516,0.00584,0.00826
test_stg2/image_00277.jpg,0.34375100000000003,0.010177,0.033902,0.007562,0.46061899999999995,0.070135,0.005254,0.068601
test_stg2/image_00278.jpg,0.796425,0.013078999999999999,0.074712,0.00404,0.034962,0.019955,0.01345,0.043376
test_stg2/image_00279.jpg,0.34587399999999996,0.030492000000000002,0.022127,0.0030210000000000002,0.008443,0.030354000000000003,0.011806,0.547883
test_stg2/image_00280.jpg,0.8244600000000001,0.032008,0.011708,0.002858,0.099495,0.014381999999999999,0.004479,0.01061
test_stg2/image_00281.jpg,0.43266400000000005,0.051062,0.018384,0.007203,0.362086,0.064992,0.009123000000000001,0.054484000000000005
test_stg2/image_00282.jpg,0.036164,0.115264,0.013424,0.006445,0.12181900000000001,0.023121,0.031861,0.6519020000000001
test_stg2/image_00283.jpg,0.44126400000000005,0.015437000000000001,0.004575,0.003135,0.028897000000000003,0.021135,0.006809,0.47874700000000003
test_stg2/image_00284.jpg,0.439434,0.041887,0.025647000000000003,0.009399,0.319889,0.044569,0.008717,0.110457
test_stg2/image_00285.jpg,0.787642,0.005226,0.004143,0.001258,0.04212,0.032945,0.00151,0.125156
test_stg2/image_00286.jpg,0.38476,0.05902,0.013349000000000001,0.018334,0.33484200000000003,0.054569000000000006,0.057839,0.077287
test_stg2/image_00287.jpg,0.177595,0.018289,0.008814,0.002269,0.7523479999999999,0.016761,0.0037070000000000002,0.020217
test_stg2/image_00288.jpg,0.84675,0.02519,0.0041659999999999996,0.003034,0.007324,0.003069,0.001395,0.109073
test_stg2/image_00289.jpg,0.674271,0.034737,0.011035,0.0032159999999999997,0.171942,0.028322000000000003,0.008081,0.06839500000000001
test_stg2/image_00290.jpg,0.053547000000000004,0.02835,0.005695,0.0035159999999999996,0.01222,0.007633,0.008468,0.8805709999999999
test_stg2/image_00291.jpg,0.927689,0.013822,0.003665,0.001633,0.033096,0.008136,0.002534,0.009424
test_stg2/image_00292.jpg,0.744672,0.023395,0.07451,0.004209,0.00759,0.026139,0.013152,0.106333
test_stg2/image_00293.jpg,0.08853899999999999,0.023865,0.014369,0.009356999999999999,0.0030039999999999997,0.024863,0.022038,0.813967
test_stg2/image_00294.jpg,0.294763,0.25331,0.150454,0.009526999999999999,0.221849,0.013456000000000001,0.015535,0.041105
test_stg2/image_00295.jpg,0.53051,0.028125999999999998,0.008378,0.010103000000000001,0.36818,0.013125999999999999,0.006719,0.034858
test_stg2/image_00296.jpg,0.228888,0.016915,0.011656,0.0065829999999999994,0.692082,0.014943999999999999,0.014408,0.014523
test_stg2/image_00297.jpg,0.097565,0.04358,0.012906,0.007519,0.722653,0.067909,0.024085,0.023783000000000002
test_stg2/image_00298.jpg,0.20648200000000003,0.252579,0.084616,0.014962,0.223044,0.063128,0.057612000000000003,0.097578
test_stg2/image_00299.jpg,0.41131999999999996,0.021785,0.011831,0.004335,0.49221800000000004,0.021754,0.009375,0.027381
test_stg2/image_00300.jpg,0.363676,0.011696999999999999,0.015028999999999999,0.004065999999999999,0.575098,0.013274000000000001,0.008381,0.008778
test_stg2/image_00301.jpg,0.9645450000000001,0.002675,0.0017170000000000002,0.00081,0.021697,0.0018219999999999998,0.000791,0.005944
test_stg2/image_00302.jpg,0.388169,0.136899,0.04699,0.008576,0.305083,0.049337,0.029472,0.035475
test_stg2/image_00303.jpg,0.687127,0.029904000000000003,0.0046689999999999995,0.003324,0.050438,0.024007,0.009655,0.190875
test_stg2/image_00304.jpg,0.732219,0.0253,0.009781999999999999,0.004529,0.077748,0.010777,0.004068,0.135577
test_stg2/image_00305.jpg,0.429292,0.009079,0.006836,0.002675,0.054482,0.059903,0.00969,0.428041
test_stg2/image_00306.jpg,0.486583,0.042568,0.019375,0.007383,0.081315,0.046805,0.030391,0.28557899999999997
test_stg2/image_00307.jpg,0.8744219999999999,0.026608,0.012767,0.002739,0.050660000000000004,0.014152000000000001,0.004427,0.014224
test_stg2/image_00308.jpg,0.18466400000000002,0.028568,0.024266,0.020202,0.653713,0.050194,0.019791999999999997,0.0186
test_stg2/image_00309.jpg,0.979023,0.005179,0.0018390000000000001,0.000153,0.001302,0.000852,0.000252,0.011401
test_stg2/image_00310.jpg,0.262495,0.083774,0.033907,0.005943,0.119545,0.050791,0.0093,0.434246
test_stg2/image_00311.jpg,0.608205,0.065295,0.016763,0.011223,0.078554,0.039917,0.008294,0.17175
test_stg2/image_00312.jpg,0.570856,0.06657,0.00678,0.0036780000000000003,0.016438,0.08224400000000001,0.017069,0.236364
test_stg2/image_00313.jpg,0.42866800000000005,0.024859,0.010187,0.0033770000000000002,0.372629,0.073739,0.00715,0.079391
test_stg2/image_00314.jpg,0.407452,0.026004000000000003,0.015893,0.018282,0.046856999999999996,0.05823099999999999,0.006206000000000001,0.421076
test_stg2/image_00315.jpg,0.087766,0.194128,0.010624,0.004945000000000001,0.054928,0.023247999999999998,0.021941,0.6024189999999999
test_stg2/image_00316.jpg,0.48568100000000003,0.031036,0.013791,0.005029,0.043129,0.040688,0.005252000000000001,0.375395
test_stg2/image_00317.jpg,0.289133,0.049454000000000005,0.088166,0.005998,0.336082,0.06640900000000001,0.020787,0.14397100000000002
test_stg2/image_00318.jpg,0.483388,0.034934,0.030973,0.013565,0.308235,0.048676,0.022296,0.057932000000000004
test_stg2/image_00319.jpg,0.457953,0.021625,0.006139,0.002957,0.41608199999999995,0.038755,0.008173,0.048316000000000005
test_stg2/image_00320.jpg,0.722288,0.013345,0.024842,0.002572,0.19831700000000002,0.015068000000000002,0.002318,0.021251
test_stg2/image_00321.jpg,0.48705699999999996,0.0526,0.037969,0.00403,0.27184400000000003,0.03437,0.006371,0.10575999999999999
test_stg2/image_00322.jpg,0.229323,0.008826,0.012198,0.0070409999999999995,0.672525,0.027571,0.008886,0.033631
test_stg2/image_00323.jpg,0.49591199999999996,0.144789,0.041201,0.009143,0.158703,0.033657,0.013431,0.103164
test_stg2/image_00324.jpg,0.683844,0.030737,0.019024,0.006613,0.08514,0.029368000000000002,0.024658000000000003,0.120617
test_stg2/image_00325.jpg,0.169701,0.017165,0.018471,0.013203,0.709925,0.04777,0.015719,0.008045
test_stg2/image_00326.jpg,0.648513,0.021544999999999998,0.031232999999999997,0.011708,0.027755000000000002,0.015550999999999999,0.010176000000000001,0.233519
